1 0001 58.97 121.48 18.44 2599581
2 0001 20.72 22.31 12.16 2840695
1 0002 58.97 121.48 20.06 2600581
2 0002 20.71 22.31 12.75 2840995
1 0003 58.99 121.48 20.32 2601581
2 0003 20.72 22.31 11.05 2841345
1 0004 58.99 121.48 18.36 2602581
2 0004 20.73 22.31 12.33 2841645
2 0005 20.72 22.31 10.71 2842195
1 0006 58.97 121.48 17.00 2604581
1 0005 58.97 121.48 15.39 2603581
2 0006 20.71 22.24 10.46 2842495
1 0007 58.98 121.48 17.60 2605581
2 0007 20.72 22.31 9.94 2843045
1 0008 58.97 121.48 15.47 2606581
2 0008 20.72 22.31 9.78 2843345
1 0009 58.98 121.48 20.66 2607581
2 0009 20.72 22.28 11.56 2843695
1 0010 58.99 121.48 20.15 2608581
2 0010 20.72 22.28 9.52 2843995
1 0011 58.99 121.48 18.62 2609581
2 0011 20.72 22.28 11.22 2844545
1 0012 58.98 121.48 17.34 2610581
2 0012 20.72 22.31 11.31 2844845
1 0013 58.98 121.48 15.64 2611581
2 0013 20.72 22.28 12.07 2845395
1 0014 58.97 121.48 16.15 2612581
2 0014 20.72 22.31 12.16 2845695
1 0015 58.97 121.48 20.40 2614081
2 0015 20.73 22.28 11.73 2846045
1 0016 58.97 121.48 17.42 2615081
2 0016 20.72 22.24 12.67 2846345
1 0017 58.97 121.48 15.56 2616081
2 0017 20.73 22.24 11.39 2846895
1 0018 58.97 121.48 16.92 2617081
2 0018 20.72 22.24 11.56 2847195
1 0019 58.98 121.48 18.70 2618081
2 0019 20.73 22.28 10.28 2847745
1 0020 58.96 121.48 19.21 2619081
2 0020 20.74 22.28 10.62 2848045
1 0021 58.99 121.48 20.57 2620081
2 0021 20.71 22.24 10.20 2848395
1 0022 58.97 121.48 19.72 2621081
2 0022 20.72 22.24 9.94 2848695
1 0023 58.97 121.48 17.85 2622081
1 0024 58.97 121.48 15.90 2623081
2 0024 20.72 22.24 10.62 2849545
2 0023 20.73 22.24 10.71 2849245
1 0025 58.97 121.48 17.08 2624081
2 0025 20.72 22.24 12.24 2850095
1 0026 58.98 121.48 17.94 2625081
2 0026 20.72 22.24 11.48 2850395
1 0027 58.97 121.48 19.80 2626081
2 0027 20.72 22.24 12.67 2850745
1 0028 58.97 121.48 20.57 2627081
2 0028 20.72 22.24 12.16 2851045
1 0029 58.97 121.48 19.04 2628081
2 0029 20.71 22.24 12.24 2851595
1 0030 58.96 121.48 18.10 2629081
2 0030 20.72 22.24 12.41 2851895
1 0031 58.96 121.48 17.34 2630081
2 0031 20.73 22.24 10.71 2852445
1 0032 58.97 121.48 15.98 2631081
2 0032 20.72 22.24 11.73 2852745
1 0033 58.95 121.48 17.60 2633081
2 0033 20.73 22.24 9.69 2853095
1 0034 58.95 121.48 19.04 2634081
2 0034 20.74 22.24 10.71 2853395
1 0035 58.96 121.48 19.64 2635081
2 0035 20.72 22.24 9.94 2853945
1 0036 58.98 121.48 19.89 2636081
2 0036 20.71 22.24 9.52 2854245
1 0037 58.95 121.48 19.89 2637081
2 0037 20.72 22.24 11.56 2854795
1 0038 58.95 121.48 18.28 2638081
2 0038 20.72 22.24 10.80 2855095
1 0039 58.96 121.48 16.32 2639081
2 0039 20.72 22.24 12.67 2855445
1 0040 58.97 121.48 16.06 2640081
2 0040 20.72 22.24 11.65 2855745
1 0041 58.99 121.48 16.32 2641081
2 0041 20.73 22.24 12.41 2856295
2 0042 20.72 22.24 12.41 2856595
1 0043 58.96 121.48 18.70 2643081
2 0043 20.74 22.24 11.14 2857145
1 0044 58.97 121.48 17.68 2644081
1 0042 58.97 121.48 17.42 2642081
2 0044 20.72 22.24 11.39 2857445
1 0045 58.95 121.48 19.55 2645081
2 0045 20.72 22.24 9.52 2857795
1 0046 58.96 121.48 18.36 2646081
2 0046 20.72 22.24 10.80 2858095
1 0047 58.95 121.48 15.90 2648082
2 0047 20.72 22.24 10.03 2858645
1 0048 58.95 121.48 15.22 2649081
2 0048 20.72 22.21 10.20 2858945
1 0049 58.96 121.48 15.98 2650081
2 0049 20.73 22.21 11.99 2859495
1 0050 58.95 121.48 16.92 2651081
2 0050 20.72 22.21 11.56 2859795
1 0051 58.94 121.48 17.00 2652081
2 0051 20.71 22.24 12.67 2860145
1 0052 58.94 121.48 18.10 2653081
2 0052 20.71 22.21 11.73 2860445
1 0053 58.95 121.48 20.15 2654081
1 0054 58.95 121.48 19.98 2655081
2 0054 20.72 22.21 12.07 2861295
2 0053 20.71 22.21 12.24 2860995
1 0055 58.96 121.48 19.38 2656081
2 0055 20.73 22.21 11.05 2861845
1 0056 58.95 121.48 19.64 2657081
2 0056 20.72 22.17 11.14 2862145
1 0057 58.96 121.48 17.17 2658081
2 0057 20.72 22.17 9.60 2862495
1 0058 58.95 121.48 15.90 2659081
2 0058 20.72 22.17 11.14 2862795
1 0059 58.96 121.48 16.06 2660081
2 0059 20.71 22.17 9.69 2863345
1 0060 58.96 121.48 16.06 2661081
2 0060 20.72 22.17 10.54 2863645
1 0061 58.95 121.48 16.40 2662081
2 0061 20.71 22.17 11.99 2864195
1 0062 58.96 121.48 18.28 2663081
2 0062 20.72 22.17 12.07 2864495
1 0063 58.95 121.48 20.23 2664081
2 0063 20.71 22.17 12.33 2864845
1 0064 58.94 121.48 19.80 2665081
2 0064 20.72 22.21 11.90 2865145
1 0065 58.96 121.48 19.55 2666081
2 0065 20.71 22.17 12.07 2865695
1 0066 58.95 121.48 18.44 2667081
2 0066 20.71 22.17 11.65 2865995
1 0067 58.95 121.48 15.81 2668081
2 0067 20.72 22.17 10.54 2866545
1 0068 58.95 121.48 15.47 2669081
2 0068 20.72 22.17 10.37 2866845
1 0069 58.96 121.48 17.42 2670081
2 0069 20.72 22.17 10.28 2867195
1 0070 58.96 121.48 18.10 2671081
1 0071 58.95 121.48 19.21 2672081
2 0071 20.72 22.17 10.62 2868045
2 0072 20.70 22.17 11.39 2868345
2 0070 20.72 22.17 10.37 2867495
1 0073 58.95 121.48 20.06 2674081
2 0073 20.71 22.17 12.07 2868895
1 0074 58.95 121.48 19.04 2675081
1 0072 58.97 121.48 20.83 2673081
2 0074 20.72 22.17 12.50 2869195
1 0075 58.94 121.48 19.38 2676581
2 0075 20.72 22.17 11.99 2869545
1 0076 58.94 121.48 19.89 2677581
2 0076 20.72 22.17 12.33 2869845
1 0077 58.94 121.48 19.64 2678581
2 0077 20.71 22.17 11.73 2870395
1 0078 58.94 121.48 18.96 2679581
1 0079 58.95 121.48 18.02 2680581
2 0079 20.71 22.17 10.12 2871245
2 0078 20.72 22.17 11.05 2870695
1 0080 58.95 121.48 16.15 2681581
2 0080 20.71 22.17 10.03 2871545
1 0081 58.94 121.48 16.32 2682581
2 0081 20.73 22.14 11.39 2871895
1 0082 58.94 121.48 17.00 2683581
2 0082 20.72 22.14 10.03 2872195
1 0083 58.95 121.48 17.94 2684581
1 0084 58.95 121.48 19.98 2685581
2 0084 20.67 21.69 12.16 3042295
2 0083 20.66 21.69 11.65 3041995
1 0085 58.95 121.48 20.32 2686581
2 0085 20.66 21.69 10.97 3042595
1 0086 58.94 121.48 19.30 2687581
2 0086 20.66 21.69 10.12 3042895
1 0087 58.94 121.48 19.30 2688581
2 0087 20.67 21.69 11.99 3043195
1 0088 58.94 121.48 17.00 2689581
2 0088 20.67 21.69 11.90 3043495
1 0089 58.93 121.48 15.39 2690581
2 0089 20.66 21.69 10.12 3043845
2 0090 20.66 21.72 11.22 3044145
1 0091 58.94 121.48 17.76 2692581
2 0091 20.67 21.69 9.44 3044445
1 0092 58.94 121.48 19.46 2693581
1 0090 58.95 121.48 17.51 2691581
2 0092 20.67 21.69 11.82 3044745
1 0093 58.93 121.48 20.83 2694581
2 0093 20.66 21.72 12.92 3045045
1 0094 58.94 121.48 19.12 2695581
2 0094 20.67 21.76 10.88 3045345
2 0095 20.67 21.76 9.69 3045645
1 0095 58.93 121.48 17.51 2696581
1 0096 58.93 121.48 16.15 2697581
2 0096 20.66 21.76 12.33 3045945
2 0097 20.66 21.76 11.82 3046295
1 0098 58.93 121.48 17.34 2699581
2 0098 20.66 21.76 12.24 3046595
1 0099 58.95 121.48 18.87 2700581
1 0097 58.93 121.48 15.98 2698581
2 0099 20.67 21.76 11.48 3046895
1 0100 58.93 121.48 19.21 2701581
1 0101 58.93 121.48 20.40 2702581
1 0102 58.93 121.48 20.32 2703581
2 0102 20.67 21.76 12.58 3047795
2 0100 20.66 21.76 9.86 3047195
1 0103 58.93 121.48 19.12 2704581
2 0103 20.67 21.76 10.62 3048095
1 0104 58.94 121.48 19.30 2705581
2 0104 20.66 21.79 10.37 3048395
2 0101 20.66 21.76 11.56 3047495
1 0105 58.95 121.48 17.08 2706581
2 0105 20.66 21.76 11.82 3048695
1 0106 58.91 121.48 20.32 2708081
2 0106 20.66 21.79 11.82 3049045
1 0107 58.93 121.48 19.04 2709081
1 0109 58.92 121.48 16.74 2711081
2 0107 20.66 21.79 12.50 3049345
2 0109 20.67 21.83 10.03 3049945
1 0110 58.93 121.48 15.47 2712081
2 0110 20.66 21.83 12.07 3050245
1 0108 58.93 121.48 18.19 2710081
1 0111 58.93 121.48 16.66 2713081
1 0112 58.93 121.48 17.51 2714081
2 0112 20.66 21.83 10.46 3050845
2 0108 20.66 21.83 10.71 3049645
1 0113 58.92 121.48 18.28 2715081
2 0113 20.66 21.83 11.05 3051145
1 0114 58.92 121.48 19.72 2716081
2 0111 20.66 21.83 12.07 3050545
2 0114 20.66 21.83 12.33 3051495
1 0115 58.93 121.48 20.40 2717081
2 0115 20.66 21.83 11.22 3051795
1 0116 58.93 121.48 19.30 2718081
2 0116 20.66 21.83 12.75 3052095
1 0117 58.92 121.48 17.17 2719081
2 0117 20.66 21.83 11.22 3052395
1 0118 58.91 121.48 16.06 2720081
1 0119 58.91 121.48 16.92 2721081
2 0118 20.66 21.83 9.52 3052695
2 0119 20.66 21.83 11.90 3052995
1 0120 58.91 121.48 16.58 2722581
1 0121 58.91 121.48 15.56 2723581
1 0122 58.92 121.48 17.68 2724581
2 0120 20.66 21.83 12.92 3053295
1 0123 58.90 121.48 15.47 2726081
2 0123 20.65 21.86 12.58 3054245
1 0124 58.91 121.48 16.06 2727081
2 0124 20.67 21.86 11.48 3054545
2 0121 20.66 21.83 10.03 3053595
1 0125 58.91 121.48 18.10 2728081
2 0125 20.66 21.83 12.33 3054845
1 0126 58.92 121.48 18.87 2729081
2 0126 20.66 21.86 10.97 3055145
1 0127 58.92 121.48 20.15 2730081
2 0122 20.66 21.83 9.60 3053895
2 0127 20.66 21.86 10.28 3055445
1 0128 58.91 121.48 20.32 2731081
1 0129 58.91 121.48 18.87 2732081
1 0130 58.91 121.48 18.36 2733081
1 0131 58.91 121.48 16.24 2734081
2 0128 20.66 21.83 11.82 3055745
1 0132 58.92 121.48 15.64 2735081
1 0133 58.91 121.48 16.66 2736081
2 0133 20.66 21.83 12.24 3057295
1 0134 58.91 121.48 18.19 2737081
2 0134 20.66 21.83 12.58 3057595
2 0129 20.66 21.83 11.39 3056045
1 0135 58.92 121.48 18.96 2738081
2 0135 20.66 21.86 10.37 3057895
1 0136 58.92 121.48 20.06 2739081
2 0136 20.66 21.86 10.62 3058195
2 0130 20.66 21.86 10.12 3056345
1 0137 58.92 121.48 20.06 2740081
2 0137 20.66 21.83 12.84 3058495
1 0138 58.91 121.48 18.62 2741083
2 0138 20.66 21.83 11.05 3058795
1 0139 58.92 121.48 15.98 2742081
2 0139 20.66 21.86 9.60 3059145
2 0131 20.66 21.90 11.05 3056695
1 0140 58.93 121.48 16.24 2743081
2 0140 20.67 21.86 11.14 3059445
1 0141 58.92 121.48 17.08 2744081
2 0141 20.66 21.83 10.03 3059745
2 0132 20.66 21.83 9.60 3056995
1 0142 58.91 121.48 18.53 2745081
2 0142 20.66 21.83 11.90 3060045
1 0143 58.91 121.48 20.66 2746081
2 0143 20.66 21.83 12.16 3060345
2 0144 20.66 21.83 10.54 3060645
1 0145 58.91 121.48 18.10 2748081
1 0144 58.91 121.48 20.15 2747081
2 0145 20.66 21.83 10.28 3060945
1 0146 58.90 121.48 15.98 2749081
2 0146 20.66 21.83 12.41 3061245
1 0147 58.91 121.48 16.66 2750081
2 0147 20.66 21.83 11.99 3061545
1 0148 58.91 121.48 17.60 2751081
2 0148 20.66 21.83 9.78 3061895
1 0149 58.92 121.48 18.62 2752081
2 0149 20.66 21.83 10.97 3062196
1 0150 58.92 121.48 20.06 2753081
2 0150 20.66 21.83 9.86 3062495
1 0151 58.91 121.48 20.74 2754081
2 0151 20.66 21.83 12.07 3062795
1 0152 58.91 121.48 19.30 2755081
2 0152 20.66 21.83 12.41 3063095
2 0153 20.65 21.83 10.46 3063395
1 0154 58.91 121.48 19.64 2757081
1 0153 58.91 121.48 19.64 2756081
2 0154 20.66 21.83 10.28 3063695
1 0155 58.91 121.48 18.10 2758081
2 0155 20.66 21.83 12.07 3064045
1 0156 58.91 121.48 15.56 2759081
2 0156 20.66 21.83 11.05 3064345
2 0157 20.66 21.83 12.75 3064645
1 0158 58.91 121.48 17.42 2761081
2 0158 20.66 21.83 11.48 3064945
1 0157 58.91 121.48 16.15 2760081
1 0159 58.91 121.48 17.76 2762081
2 0159 20.66 21.83 9.44 3065245
1 0160 58.91 121.48 19.21 2763081
2 0160 20.66 21.83 11.90 3065545
1 0161 58.92 121.48 20.57 2764081
2 0161 20.66 21.83 12.33 3065845
1 0162 58.90 121.48 19.98 2765081
2 0162 20.66 21.79 9.86 3066145
2 0163 20.66 21.83 10.97 3066445
1 0164 58.91 121.48 19.30 2767081
2 0164 20.66 21.79 12.92 3066795
1 0165 58.91 121.48 16.74 2768081
1 0163 58.91 121.48 19.38 2766081
2 0165 20.67 21.79 12.16 3067095
1 0166 58.91 121.48 15.64 2769081
2 0166 20.66 21.79 12.24 3067395
1 0167 58.91 121.48 16.92 2770081
2 0167 20.66 21.76 10.62 3067695
2 0168 20.68 21.79 10.20 3067995
1 0168 58.92 121.48 18.02 2771081
1 0169 58.90 121.48 17.51 2772081
2 0169 20.67 21.76 11.90 3068295
1 0170 58.91 121.48 18.36 2773081
2 0170 20.66 21.79 11.90 3068595
1 0171 58.92 121.48 20.23 2774081
2 0171 20.66 21.79 10.46 3068895
1 0172 58.90 121.48 20.32 2775081
2 0172 20.66 21.79 11.14 3069245
1 0173 58.90 121.48 19.38 2776081
2 0173 20.66 21.79 9.52 3069545
1 0174 58.91 121.48 19.04 2777081
2 0174 20.66 21.79 11.65 3069845
2 0175 20.66 21.76 12.67 3070145
1 0176 58.91 121.48 15.47 2779081
2 0176 20.66 21.76 10.46 3070445
1 0177 58.91 121.48 15.81 2780081
1 0175 58.92 121.48 17.08 2778081
2 0177 20.65 21.79 10.12 3070745
1 0178 58.91 121.48 17.08 2781081
2 0178 20.67 21.83 12.24 3071045
1 0179 58.91 121.48 16.92 2782081
2 0179 20.66 21.76 11.90 3071345
1 0180 58.90 121.48 17.94 2783081
2 0180 20.66 21.79 11.99 3071695
1 0181 58.91 121.48 19.55 2784081
2 0181 20.66 21.79 10.97 3071995
1 0182 58.92 121.48 19.64 2785081
2 0182 20.66 21.83 9.94 3072295
1 0183 58.92 121.48 20.32 2786081
2 0183 20.67 21.79 11.90 3072595
1 0184 58.92 121.48 20.32 2787081
2 0184 20.66 21.79 12.16 3072895
1 0185 58.92 121.48 18.62 2788081
2 0185 20.65 21.83 10.88 3073195
1 0186 58.92 121.48 17.42 2789081
2 0186 20.66 21.79 10.46 3073495
1 0187 58.92 121.48 16.15 2790081
2 0187 20.65 21.83 12.16 3073795
1 0188 58.92 121.48 15.47 2791081
2 0188 20.66 21.83 12.07 3074095
1 0189 58.93 121.48 17.51 2792081
2 0189 20.67 21.83 10.20 3074445
2 0190 20.66 21.83 10.88 3074745
1 0190 58.91 121.48 18.96 2793081
1 0191 58.92 121.48 19.72 2794081
2 0192 20.65 21.83 12.07 3075345
1 0192 58.92 121.48 20.83 2795081
1 0193 58.91 121.48 19.38 2796081
2 0193 20.66 21.83 12.50 3075645
2 0194 20.66 21.83 9.69 3075945
2 0191 20.67 21.83 9.60 3075045
1 0195 58.92 121.48 18.96 2798081
2 0195 20.65 21.83 10.62 3076495
1 0194 58.93 121.48 19.21 2797081
1 0196 58.91 121.48 17.17 2799081
2 0196 20.66 21.83 10.37 3076795
1 0197 58.91 121.48 16.49 2800081
2 0197 20.66 21.83 12.33 3077095
1 0198 58.91 121.48 16.06 2801081
2 0198 20.66 21.83 11.73 3077395
1 0199 58.92 121.48 16.58 2802081
2 0199 20.66 21.83 9.78 3077745
1 0200 58.92 121.48 17.85 2803081
2 0200 20.65 21.83 10.54 3078045
1 0201 58.91 121.48 18.53 2804081
2 0201 20.65 21.83 10.20 3078595
2 0202 20.65 21.83 10.46 3078895
1 0203 58.91 121.48 20.40 2806081
1 0202 58.91 121.48 18.78 2805081
2 0203 20.66 21.83 12.07 3079445
1 0204 58.91 121.48 19.80 2807081
2 0204 20.66 21.83 11.99 3079745
1 0205 58.91 121.48 19.64 2808081
2 0205 20.66 21.90 12.16 3080095
2 0206 20.66 21.83 12.58 3080395
1 0207 58.90 121.48 17.34 2810081
2 0207 20.66 21.86 11.48 3080945
1 0208 58.90 121.48 16.15 2811081
1 0206 58.91 121.48 19.64 2809081
2 0208 20.65 21.86 11.05 3081245
1 0209 58.91 121.48 15.81 2812081
2 0209 20.66 21.90 9.86 3081795
1 0210 58.91 121.48 15.98 2813081
1 0211 58.92 121.48 17.26 2814081
2 0211 20.66 21.86 11.65 3082445
2 0210 20.67 21.83 9.94 3082095
1 0212 58.91 121.48 18.10 2815081
2 0212 20.66 21.90 9.69 3082745
1 0213 58.92 121.48 18.44 2816081
2 0213 20.66 21.83 11.65 3083295
1 0214 58.91 121.48 20.49 2817081
2 0214 20.65 21.83 11.90 3083595
1 0215 58.91 121.48 19.89 2818081
2 0215 20.65 21.83 11.99 3084145
1 0216 58.91 121.48 19.72 2819081
2 0216 20.66 21.83 12.33 3084445
1 0217 58.90 121.48 20.40 2820081
2 0217 20.66 21.86 10.97 3084795
1 0218 58.91 121.48 19.21 2821081
2 0218 20.65 21.86 12.58 3085095
1 0219 58.91 121.48 18.87 2822081
2 0219 20.65 21.90 11.39 3085645
2 0220 20.66 21.86 10.97 3085945
1 0221 58.91 121.48 17.08 2824081
1 0220 58.91 121.48 17.34 2823081
2 0221 20.66 21.90 10.12 3086495
1 0222 58.90 121.48 16.32 2825081
2 0222 20.66 21.86 10.03 3086795
1 0223 58.91 121.48 15.90 2826081
2 0223 20.64 21.86 10.97 3087145
2 0224 20.66 21.83 10.20 3087445
1 0225 58.90 121.48 18.02 2828081
2 0225 20.66 21.83 10.71 3087995
1 0226 58.91 121.48 18.62 2829081
1 0224 58.91 121.48 16.83 2827081
2 0226 20.66 21.83 11.56 3088295
1 0227 58.91 121.48 20.49 2830081
2 0227 20.66 21.86 12.07 3088845
1 0228 58.92 121.48 19.98 2831081
2 0228 20.66 21.86 12.41 3089145
1 0229 58.91 121.48 18.53 2832081
2 0229 20.66 21.83 11.73 3089495
1 0230 58.92 121.48 16.58 2833081
2 0230 20.65 21.86 12.24 3089795
2 0231 20.65 21.83 11.22 3090345
1 0232 58.92 121.48 17.60 2835081
2 0232 20.66 21.83 11.14 3090645
1 0231 58.91 121.48 15.56 2834081
1 0233 58.91 121.48 18.78 2836081
1 0234 58.91 121.48 19.80 2837081
2 0234 20.66 21.83 9.69 3091495
2 0233 20.65 21.83 10.12 3091195
1 0235 58.91 121.48 20.83 2838081
2 0235 20.66 21.83 11.22 3091845
1 0236 58.91 121.48 19.30 2839081
2 0236 20.65 21.83 9.86 3092145
1 0237 58.91 121.48 18.53 2840081
2 0237 20.66 21.83 11.73 3092695
2 0238 20.64 21.83 12.24 3092995
1 0239 58.91 121.48 15.47 2842081
2 0239 20.66 21.83 12.75 3093545
1 0240 58.91 121.48 16.58 2843081
1 0238 58.90 121.48 17.26 2841081
2 0240 20.65 21.83 12.84 3093845
1 0241 58.91 121.48 17.17 2844081
2 0241 20.66 21.83 11.39 3094195
1 0242 58.90 121.48 18.28 2845081
2 0242 20.65 21.83 12.50 3094495
1 0243 58.92 121.48 20.32 2846081
2 0243 20.66 21.83 10.28 3095045
1 0244 58.91 121.48 20.15 2847081
2 0244 20.66 21.79 10.46 3095345
1 0245 58.91 121.48 19.55 2848081
2 0245 20.66 21.83 9.52 3095895
1 0246 58.92 121.48 18.53 2849081
2 0246 20.66 21.83 9.78 3096195
1 0247 58.92 121.48 16.15 2850081
2 0247 20.66 21.83 11.56 3096545
1 0248 58.91 121.48 15.73 2851081
2 0248 20.66 21.83 9.94 3096845
1 0249 58.90 121.48 18.10 2852081
2 0249 20.66 21.79 12.50 3097395
1 0250 58.91 121.48 19.12 2853081
2 0250 20.65 21.76 12.33 3097695
1 0251 58.91 121.48 19.89 2854081
2 0251 20.66 21.76 12.41 3098245
1 0252 58.90 121.48 20.15 2855081
1 0253 58.91 121.48 18.96 2856081
2 0253 20.66 21.79 10.80 3098895
2 0252 20.65 21.83 12.07 3098545
1 0254 58.90 121.48 16.83 2857081
2 0254 20.66 21.83 12.16 3099195
1 0255 58.91 121.48 16.24 2858081
2 0255 20.67 21.83 10.03 3099745
1 0256 58.91 121.48 16.92 2859081
2 0256 20.64 21.83 9.94 3100045
1 0257 58.91 121.48 17.68 2860081
2 0257 20.64 21.83 10.54 3100595
1 0258 58.91 121.48 18.70 2861081
2 0258 20.66 21.83 10.88 3100895
2 0259 20.66 21.83 12.24 3101245
1 0260 58.91 121.48 19.46 2863081
2 0260 20.66 21.83 11.14 3101545
1 0259 58.91 121.48 20.66 2862081
1 0261 58.92 121.48 18.62 2864081
2 0261 20.66 21.83 12.58 3102095
1 0262 58.91 121.48 17.17 2865081
2 0262 20.66 21.83 12.33 3102395
1 0263 58.90 121.48 15.73 2866081
2 0263 20.66 21.83 11.14 3102945
2 0264 20.66 21.83 11.31 3103245
1 0265 58.91 121.48 20.06 2868081
2 0265 20.66 21.83 9.69 3103595
1 0264 58.91 121.48 17.51 2867081
1 0266 58.91 121.48 20.66 2869081
1 0267 58.91 121.48 18.62 2870081
2 0267 20.66 21.83 9.94 3104445
2 0266 20.66 21.83 11.05 3103895
1 0268 58.91 121.48 17.08 2871081
2 0268 20.66 21.86 9.94 3104745
1 0269 58.91 121.48 16.15 2872081
2 0269 20.65 21.83 12.07 3105295
1 0270 58.91 121.48 16.66 2873081
2 0270 20.66 21.83 11.56 3105595
1 0271 58.91 121.48 17.60 2874081
2 0271 20.66 21.83 12.75 3105945
1 0272 58.90 121.48 20.23 2875081
1 0273 58.90 121.48 20.40 2876081
2 0273 20.66 21.86 12.16 3106795
2 0272 20.66 21.86 12.16 3106245
1 0274 58.90 121.48 18.70 2877081
2 0274 20.65 21.90 12.50 3107095
1 0275 58.90 121.48 16.66 2878081
2 0275 20.66 21.90 10.28 3107645
1 0276 58.90 121.48 16.32 2879081
2 0276 20.66 21.90 10.62 3107945
1 0277 58.90 121.48 16.83 2880081
1 0278 58.90 121.48 18.62 2881081
2 0278 20.66 21.90 9.44 3108595
2 0277 20.65 21.86 10.71 3108295
1 0279 58.91 121.48 20.57 2882081
2 0279 20.66 21.90 11.82 3109145
1 0280 58.91 121.48 19.38 2883081
2 0280 20.64 21.90 11.90 3109445
1 0281 58.90 121.48 17.42 2884081
2 0281 20.66 21.90 12.33 3109995
1 0282 58.91 121.48 15.90 2885081
2 0282 20.66 21.90 12.24 3110295
1 0283 58.91 121.48 17.08 2886081
2 0283 20.65 21.90 10.37 3110645
1 0284 58.91 121.48 18.44 2887081
2 0284 20.66 21.90 11.99 3110946
1 0285 58.90 121.48 20.57 2888081
2 0285 20.66 21.90 10.37 3111495
1 0286 58.91 121.48 20.06 2889081
2 0286 20.65 21.90 9.60 3111795
1 0287 58.91 121.48 17.34 2890081
2 0287 20.65 21.90 10.88 3112345
1 0288 58.89 121.48 15.13 2891081
1 0289 58.90 121.48 17.26 2892081
2 0289 20.65 21.90 12.67 3112995
2 0288 20.65 21.90 10.88 3112645
1 0290 58.91 121.48 18.36 2893081
2 0290 20.66 21.90 11.73 3113295
1 0291 58.90 121.48 19.12 2894081
2 0291 20.66 21.96 12.41 3113845
2 0292 20.65 21.96 12.75 3114145
1 0293 58.90 121.48 19.98 2896081
2 0293 20.66 21.96 11.14 3114695
1 0294 58.89 121.48 18.36 2897081
1 0292 58.91 121.48 20.83 2895081
2 0294 20.65 21.93 11.73 3114995
1 0295 58.91 121.48 16.66 2898081
2 0295 20.66 21.93 9.69 3115345
1 0296 58.90 121.48 16.24 2899081
1 0297 58.89 121.48 17.08 2900081
2 0297 20.65 21.96 10.46 3116195
2 0296 20.66 21.90 10.20 3115645
1 0298 58.90 121.48 18.10 2901081
2 0298 20.65 21.96 10.71 3116495
1 0299 58.89 121.48 19.89 2902081
2 0299 20.66 21.96 12.58 3117045
1 0300 58.89 121.48 19.80 2903081
2 0300 20.66 21.96 12.41 3117345
1 0301 58.91 121.48 19.46 2904081
2 0301 20.66 21.96 11.31 3117695
1 0302 58.89 121.48 19.46 2905081
1 0303 58.89 121.48 16.58 2906081
2 0303 20.66 21.96 10.20 3118545
1 0304 58.90 121.48 15.64 2907081
2 0304 20.65 21.96 9.94 3118845
1 0305 58.89 121.48 16.83 2908081
2 0305 20.66 21.93 10.97 3119395
2 0302 20.66 21.96 12.58 3117995
1 0306 58.89 121.48 17.51 2909081
2 0306 20.66 21.96 11.14 3119695
1 0307 58.88 121.48 18.62 2910081
2 0307 20.66 21.96 12.41 3120045
1 0308 58.90 121.48 20.66 2911081
2 0308 20.66 21.96 11.31 3120345
1 0309 58.90 121.48 20.49 2912081
2 0309 20.66 21.96 12.50 3120895
1 0310 58.89 121.48 19.98 2913081
2 0310 20.65 21.96 12.24 3121195
1 0311 58.89 121.48 20.06 2914081
2 0311 20.65 21.93 10.71 3121745
1 0312 58.90 121.48 19.30 2915081
2 0312 20.66 21.96 10.71 3122045
1 0313 58.88 121.48 18.70 2916081
1 0314 58.89 121.48 18.02 2917081
2 0314 20.66 21.96 10.37 3122695
2 0313 20.66 21.96 9.52 3122395
1 0315 58.88 121.48 16.49 2918081
2 0315 20.66 21.93 10.97 3123245
1 0316 58.89 121.48 15.47 2919081
2 0316 20.66 21.93 11.65 3123545
1 0318 58.88 121.48 17.68 2921081
1 0317 58.89 121.48 17.00 2920081
2 0318 20.66 21.96 12.75 3124395
1 0319 58.89 121.48 18.53 2922081
2 0319 20.66 21.96 11.48 3124745
2 0317 20.65 21.93 12.58 3124095
1 0320 58.89 121.48 19.98 2923081
2 0320 20.65 21.90 12.33 3125045
1 0321 58.89 121.48 20.06 2924081
2 0321 20.66 21.90 10.46 3125595
1 0322 58.89 121.48 19.89 2925081
2 0322 20.65 21.90 10.54 3125895
1 0323 58.89 121.48 19.72 2926081
2 0323 20.66 21.90 9.78 3126445
1 0324 58.88 121.48 18.19 2927081
2 0324 20.65 21.90 10.03 3126745
1 0325 58.89 121.48 16.66 2928081
2 0325 20.66 21.93 11.99 3127095
1 0326 58.90 121.48 16.06 2929081
2 0326 20.65 21.93 10.97 3127395
1 0327 58.89 121.48 16.32 2930081
2 0327 20.62 22.10 9.52 3323845
1 0328 58.88 121.48 17.42 2931081
2 0328 20.60 22.10 10.20 3324145
1 0329 58.88 121.48 19.30 2932081
2 0329 20.59 22.10 12.24 3324495
1 0330 58.89 121.48 19.72 2933081
1 0331 58.87 121.48 19.89 2934081
2 0331 20.60 22.10 12.50 3325345
2 0330 20.60 22.07 11.65 3324795
1 0332 58.88 121.48 20.06 2935081
2 0332 20.60 22.10 11.39 3325645
1 0333 58.89 121.48 19.04 2936081
2 0333 20.60 22.10 10.12 3326195
1 0334 58.89 121.48 18.19 2937081
2 0334 20.60 22.07 9.60 3326495
1 0335 58.87 121.48 16.83 2938081
2 0335 20.60 22.03 12.16 3326845
1 0336 58.87 121.48 15.47 2939081
2 0336 20.60 22.03 11.48 3327145
1 0337 58.88 121.48 16.58 2940081
2 0337 20.60 22.03 12.41 3327695
1 0338 58.88 121.48 17.17 2941081
2 0338 20.61 22.07 12.33 3327995
1 0339 58.88 121.48 17.85 2942081
1 0340 58.87 121.48 20.06 2943081
2 0340 20.61 22.03 10.20 3328845
2 0339 20.60 22.03 10.03 3328545
1 0341 58.88 121.48 20.06 2944081
2 0341 20.61 22.03 11.73 3329195
1 0342 58.87 121.48 19.72 2945081
2 0342 20.60 22.03 10.12 3329495
2 0343 20.60 22.03 12.75 3330045
1 0344 58.89 121.48 17.17 2947081
1 0343 58.87 121.48 19.72 2946081
2 0344 20.60 22.03 12.07 3330345
1 0345 58.88 121.48 15.90 2948081
2 0345 20.60 22.03 10.62 3330895
1 0346 58.89 121.48 16.58 2949081
2 0346 20.60 22.03 9.69 3331195
1 0347 58.87 121.48 16.83 2950081
2 0347 20.60 22.03 11.99 3331545
1 0348 58.88 121.48 17.60 2951081
2 0348 20.61 22.03 10.71 3331845
1 0349 58.88 121.48 18.96 2952081
2 0349 20.61 22.00 12.24 3332395
1 0350 58.87 121.48 19.04 2953081
2 0350 20.60 22.03 12.33 3332695
1 0351 58.88 121.48 20.15 2954081
2 0351 20.60 21.96 10.20 3333245
1 0352 58.88 121.48 20.32 2955081
2 0352 20.60 22.00 10.03 3333545
1 0353 58.87 121.48 18.19 2956081
2 0353 20.61 21.96 10.71 3333895
1 0354 58.88 121.48 16.83 2957081
2 0354 20.60 22.00 9.78 3334195
1 0355 58.87 121.48 16.24 2958081
2 0355 20.59 21.96 12.75 3334745
1 0356 58.87 121.48 15.90 2959081
2 0356 20.60 21.96 12.33 3335045
1 0357 58.88 121.48 17.34 2960081
2 0357 20.61 21.96 11.39 3335595
1 0358 58.87 121.48 18.96 2961081
2 0358 20.61 21.96 10.71 3335895
1 0359 58.87 121.48 19.38 2962081
1 0360 58.86 121.48 20.66 2963081
2 0360 20.61 21.96 9.69 3336545
1 0361 58.88 121.48 20.06 2964081
2 0361 20.60 21.96 11.73 3337095
2 0362 20.60 21.96 12.75 3337395
2 0359 20.60 21.96 10.37 3336245
1 0363 58.87 121.48 18.10 2966081
1 0362 58.87 121.48 19.46 2965081
2 0363 20.60 21.96 11.39 3337945
1 0364 58.87 121.48 17.00 2967081
2 0364 20.60 21.96 11.31 3338245
1 0365 58.88 121.48 15.30 2968081
2 0365 20.60 21.96 9.94 3338595
1 0366 58.87 121.48 16.66 2969081
2 0366 20.60 21.96 9.60 3338895
1 0367 58.86 121.48 16.66 2970081
2 0367 20.60 21.96 12.07 3339445
1 0368 58.87 121.48 17.00 2971081
2 0368 20.60 21.93 12.33 3339745
1 0369 58.87 121.48 19.64 2972081
2 0369 20.60 21.90 11.65 3340295
1 0370 58.89 121.48 19.80 2973081
2 0370 20.60 21.96 10.62 3340595
1 0371 58.89 121.48 19.89 2974081
2 0371 20.61 21.93 10.46 3340945
1 0372 58.87 121.48 20.74 2975081
2 0372 20.60 21.96 9.94 3341245
1 0373 58.87 121.48 19.80 2976081
2 0373 20.60 21.90 11.99 3341795
1 0374 58.87 121.48 18.62 2977081
2 0374 20.59 21.90 12.92 3342095
1 0375 58.86 121.48 18.10 2978081
2 0375 20.60 21.90 10.97 3342645
2 0376 20.60 21.90 10.80 3342945
1 0377 58.87 121.48 15.39 2980081
2 0377 20.60 21.90 11.31 3343295
1 0378 58.87 121.48 16.92 2981081
1 0376 58.87 121.48 15.64 2979081
2 0378 20.61 21.90 9.69 3343595
1 0379 58.86 121.48 16.66 2982081
2 0379 20.61 21.90 12.07 3344145
1 0380 58.85 121.48 17.00 2983081
2 0380 20.60 21.90 12.33 3344445
1 0381 58.86 121.48 17.85 2984081
2 0381 20.60 21.90 10.97 3344995
1 0382 58.86 121.48 17.34 2985081
2 0382 20.60 21.90 10.54 3345295
2 0383 20.60 21.90 9.86 3345645
1 0384 58.87 121.48 19.72 2987081
2 0384 20.59 21.90 10.12 3345946
1 0383 58.86 121.48 17.85 2986081
1 0385 58.86 121.48 20.06 2988081
1 0386 58.86 121.48 20.06 2989081
2 0385 20.60 21.90 12.50 3346495
2 0386 20.60 21.90 12.75 3346795
1 0387 58.86 121.48 20.49 2990081
2 0387 20.60 21.86 11.22 3347345
2 0388 20.60 21.86 10.37 3347645
1 0389 58.84 121.48 18.44 2992081
1 0388 58.86 121.48 19.64 2991081
2 0389 20.60 21.90 11.56 3347995
1 0390 58.85 121.48 18.36 2993081
2 0390 20.60 21.90 10.20 3348295
1 0391 58.84 121.48 15.98 2994081
2 0391 20.61 21.90 12.24 3348845
1 0392 58.85 121.48 15.47 2995081
2 0392 20.61 21.86 12.58 3349145
1 0393 58.84 121.48 16.15 2996081
2 0393 20.60 21.90 10.54 3349695
1 0394 58.85 121.48 16.15 2997081
1 0395 58.84 121.48 16.32 2998081
2 0395 20.60 21.90 11.14 3350345
2 0394 20.60 21.90 10.37 3349995
1 0396 58.84 121.48 18.02 2999081
2 0396 20.58 21.90 9.86 3350645
1 0397 58.84 121.48 18.10 3000081
2 0397 20.60 21.86 12.67 3351195
1 0398 58.84 121.48 18.36 3001081
2 0398 20.59 21.90 12.16 3351495
1 0399 58.86 121.48 19.46 3002081
2 0399 20.60 21.86 10.97 3352045
1 0400 58.83 121.48 18.28 3003081
2 0400 20.61 21.90 9.86 3352345
1 0401 58.82 121.48 19.38 3004081
2 0401 20.60 21.90 11.39 3352695
2 0402 20.60 21.86 10.28 3352995
1 0402 58.84 121.48 20.66 3005081
1 0403 58.84 121.48 19.89 3006081
1 0404 58.84 121.48 19.98 3007081
2 0404 20.60 21.90 12.75 3353845
1 0405 58.83 121.48 19.21 3008081
2 0403 20.60 21.86 12.24 3353545
2 0405 20.60 21.90 10.46 3354395
1 0406 58.84 121.48 18.44 3009081
1 0407 58.83 121.48 19.04 3010081
2 0407 20.59 21.90 11.39 3355045
2 0406 20.60 21.86 10.46 3354695
1 0408 58.81 121.48 18.02 3011081
2 0408 20.60 21.83 9.78 3355345
1 0409 58.82 121.48 16.83 3012081
2 0409 20.60 21.90 12.24 3355895
1 0410 58.83 121.48 16.66 3013081
2 0410 20.60 21.90 12.16 3356195
1 0411 58.84 121.48 15.22 3014081
2 0411 20.60 21.90 10.62 3356745
1 0412 58.83 121.48 15.81 3015081
2 0412 20.60 21.90 9.78 3357045
1 0413 58.84 121.48 17.00 3016081
2 0413 20.60 21.90 11.82 3357395
2 0414 20.60 21.90 11.14 3357695
1 0415 58.84 121.48 18.02 3018081
2 0415 20.60 21.90 12.41 3358245
1 0416 58.82 121.48 18.19 3019081
1 0414 58.82 121.48 17.00 3017081
2 0416 20.60 21.83 11.99 3358545
1 0417 58.83 121.48 19.46 3020081
2 0417 20.60 21.90 9.69 3359095
1 0418 58.82 121.48 20.40 3021081
2 0418 20.60 21.86 9.94 3359395
1 0419 58.83 121.48 19.98 3022081
2 0419 20.59 21.90 11.90 3359745
1 0420 58.83 121.48 20.23 3023081
2 0420 20.60 21.90 11.14 3360045
1 0421 58.83 121.48 20.23 3024081
2 0421 20.60 21.90 12.33 3360595
1 0422 58.82 121.48 19.04 3025081
2 0422 20.59 21.90 11.90 3360895
1 0423 58.83 121.48 18.78 3026081
2 0423 20.60 21.90 10.20 3361445
1 0424 58.83 121.48 18.53 3027081
2 0424 20.59 21.90 9.52 3361745
1 0425 58.83 121.48 16.58 3028081
2 0425 20.60 21.86 12.16 3362095
2 0426 20.60 21.90 11.39 3362395
1 0427 58.81 121.48 15.73 3030081
2 0427 20.61 21.90 12.58 3362945
1 0428 58.83 121.48 15.47 3031081
1 0426 58.83 121.48 16.24 3029081
2 0428 20.60 21.90 11.99 3363245
1 0429 58.84 121.48 16.66 3032081
2 0429 20.60 21.86 9.86 3363795
1 0430 58.82 121.48 16.66 3033081
1 0431 58.82 121.48 16.92 3034081
2 0431 20.60 21.90 12.07 3364445
1 0432 58.82 121.48 18.02 3035081
1 0433 58.82 121.48 17.68 3036081
2 0433 20.60 21.86 12.33 3365295
2 0430 20.60 21.90 9.94 3364095
1 0434 58.83 121.48 17.42 3037081
2 0434 20.60 21.90 11.31 3365595
1 0435 58.82 121.48 18.36 3038081
2 0435 20.60 21.86 9.86 3366145
2 0432 20.60 21.90 11.39 3364745
1 0436 58.83 121.48 18.53 3039081
2 0436 20.59 21.83 10.12 3366445
1 0437 58.82 121.48 19.21 3040081
2 0437 20.60 21.86 12.58 3366795
1 0438 58.82 121.48 20.57 3041081
1 0439 58.81 121.48 19.89 3042081
2 0439 20.61 21.90 11.65 3367645
2 0438 20.60 21.86 12.24 3367095
1 0440 58.83 121.48 19.80 3043081
2 0440 20.59 21.83 10.88 3367945
1 0441 58.82 121.48 19.89 3044081
2 0441 20.60 21.83 11.99 3368495
1 0442 58.82 121.48 19.21 3045081
2 0442 20.61 21.83 11.05 3368795
1 0443 58.81 121.48 19.04 3046081
2 0443 20.60 21.83 12.67 3369145
1 0444 58.83 121.48 18.87 3047081
2 0444 20.60 21.83 12.16 3369445
1 0445 58.82 121.48 16.92 3048081
1 0446 58.81 121.48 15.98 3049081
2 0446 20.59 21.83 10.20 3370295
2 0445 20.60 21.83 11.65 3369995
1 0447 58.82 121.48 16.24 3050081
2 0447 20.60 21.83 10.62 3370845
1 0448 58.82 121.48 16.32 3051081
2 0448 20.60 21.83 10.88 3371145
1 0449 58.83 121.48 16.06 3052081
2 0449 20.61 21.83 12.84 3371495
1 0450 58.83 121.48 17.08 3053081
2 0450 20.60 21.83 12.50 3371795
1 0451 58.82 121.48 17.94 3054081
2 0451 20.60 21.83 11.48 3372345
1 0452 58.82 121.48 17.17 3055081
2 0452 20.60 21.83 10.88 3372645
1 0453 58.83 121.48 17.26 3056081
2 0453 20.60 21.83 10.12 3373195
1 0454 58.82 121.48 18.10 3057081
2 0454 20.60 21.76 11.39 3373495
1 0455 58.82 121.48 18.44 3058081
1 0456 58.82 121.48 18.02 3059081
2 0456 20.60 21.83 12.24 3374145
2 0455 20.60 21.76 12.33 3373845
1 0457 58.82 121.48 18.62 3060081
2 0457 20.60 21.79 11.82 3374695
1 0458 58.82 121.48 19.46 3061081
2 0458 20.59 21.76 10.46 3374995
1 0459 58.82 121.48 18.96 3062081
2 0459 20.59 21.76 10.62 3375545
2 0460 20.60 21.76 11.31 3375845
1 0461 58.82 121.48 20.23 3064081
2 0461 20.61 21.79 12.75 3376195
1 0462 58.82 121.48 19.98 3065081
1 0460 58.81 121.48 19.46 3063081
2 0462 20.60 21.79 12.33 3376495
1 0463 58.82 121.48 19.55 3066081
2 0463 20.60 21.76 11.22 3377045
1 0464 58.81 121.48 19.89 3067081
2 0464 20.60 21.76 10.46 3377345
1 0465 58.82 121.48 19.38 3068081
2 0465 20.60 21.76 10.03 3377895
1 0466 58.82 121.48 18.10 3069081
1 0467 58.83 121.48 18.62 3070081
2 0467 20.60 21.76 12.16 3378545
2 0466 20.60 21.76 11.22 3378195
1 0468 58.82 121.48 19.72 3071081
2 0468 20.60 21.79 12.58 3378845
1 0469 58.81 121.48 19.64 3072081
2 0469 20.60 21.76 11.39 3379395
1 0470 58.81 121.48 19.98 3073081
2 0470 20.60 21.79 9.94 3379695
1 0471 58.81 121.48 20.74 3074081
2 0471 20.61 21.76 11.31 3380245
1 0472 58.83 121.48 20.32 3075081
2 0472 20.60 21.76 12.07 3380545
1 0473 58.83 121.48 19.55 3076081
2 0473 20.60 21.76 12.07 3380895
2 0474 20.60 21.76 12.33 3381195
1 0475 58.82 121.48 19.72 3078081
2 0475 20.60 21.76 10.62 3381745
1 0476 58.82 121.48 19.04 3079081
1 0474 58.81 121.48 19.55 3077081
2 0476 20.58 21.76 9.44 3382045
1 0477 58.83 121.48 17.85 3080081
2 0477 20.61 21.76 11.65 3382595
1 0478 58.82 121.48 17.08 3081081
2 0478 20.59 21.76 11.99 3382895
1 0479 58.81 121.48 16.24 3082081
2 0479 20.58 21.76 12.07 3383245
1 0480 58.82 121.48 15.64 3083081
2 0480 20.60 21.76 12.84 3383545
1 0481 58.81 121.48 16.24 3084081
2 0481 20.60 21.79 10.28 3384095
1 0482 58.81 121.48 17.08 3085081
2 0482 20.58 21.76 10.03 3384395
1 0483 58.81 121.48 17.26 3086081
2 0483 20.60 21.76 11.39 3384945
2 0484 20.59 21.76 12.16 3385245
1 0485 58.81 121.48 19.55 3088081
1 0484 58.81 121.48 18.02 3087081
2 0485 20.59 21.76 11.65 3385595
1 0486 58.81 121.48 19.46 3089081
2 0486 20.59 21.76 12.33 3385895
1 0487 58.81 121.48 20.06 3090081
2 0487 20.59 21.76 10.37 3386445
2 0488 20.60 21.76 9.69 3386745
1 0489 58.81 121.48 19.46 3092081
2 0489 20.59 21.76 11.48 3387295
1 0488 58.81 121.48 20.15 3091081
1 0490 58.81 121.48 19.12 3093081
2 0490 20.60 21.76 11.73 3387595
2 0491 20.60 21.76 12.50 3387945
1 0491 58.81 121.48 19.30 3094081
1 0492 58.81 121.48 18.10 3095081
2 0492 20.60 21.76 12.50 3388245
1 0493 58.80 121.48 16.66 3096081
2 0493 20.59 21.76 10.88 3388795
1 0494 58.81 121.48 15.98 3097081
2 0494 20.60 21.76 10.12 3389095
1 0495 58.81 121.48 16.15 3098081
2 0495 20.60 21.76 10.54 3389645
1 0496 58.81 121.48 16.32 3099081
2 0496 20.59 21.76 11.14 3389945
1 0497 58.82 121.48 17.85 3100081
2 0497 20.60 21.76 12.33 3390295
1 0498 58.81 121.48 18.96 3101081
2 0498 20.59 21.76 12.33 3390595
1 0499 58.81 121.48 19.04 3102081
2 0499 20.60 21.76 11.90 3391145
1 0500 58.80 121.48 20.15 3103081
2 0500 20.58 21.72 10.88 3391445
1 0501 58.81 121.48 20.57 3104081
2 0501 20.60 21.76 10.37 3391995
1 0502 58.81 121.48 19.98 3105081
2 0502 20.60 21.69 11.31 3392295
1 0503 58.81 121.48 19.55 3106081
2 0503 20.60 21.69 12.67 3392645
1 0504 58.80 121.48 19.46 3107081
2 0504 20.60 21.69 12.07 3392945
1 0505 58.82 121.48 18.02 3108081
2 0505 20.60 21.69 11.56 3393495
1 0506 58.81 121.48 17.68 3109081
2 0506 20.60 21.72 10.80 3393795
1 0507 58.81 121.48 16.49 3110081
2 0507 20.60 21.72 9.60 3394345
1 0508 58.79 121.48 15.56 3111081
2 0508 20.59 21.69 10.71 3394645
1 0509 58.81 121.48 16.24 3112081
2 0509 20.60 21.69 9.69 3394995
1 0510 58.80 121.48 16.83 3113081
1 0511 58.80 121.48 17.00 3114081
2 0511 20.60 21.69 10.46 3395845
2 0510 20.60 21.69 12.33 3395495
1 0512 58.79 121.48 18.36 3115081
2 0512 20.60 21.69 11.39 3396145
1 0513 58.82 121.48 19.12 3116081
2 0513 20.60 21.69 9.44 3396695
1 0514 58.80 121.48 19.64 3117081
2 0514 20.58 21.69 11.39 3396995
1 0515 58.81 121.48 20.74 3118081
2 0515 20.60 21.69 12.24 3397545
1 0516 58.80 121.48 20.15 3119081
2 0516 20.60 21.65 12.84 3397845
1 0517 58.81 121.48 19.21 3120081
2 0517 20.60 21.69 10.54 3398195
1 0518 58.81 121.48 18.78 3121081
2 0518 20.59 21.69 11.56 3398495
1 0519 58.79 121.48 15.56 3122081
2 0519 20.60 21.69 10.03 3399045
1 0520 58.81 121.48 16.58 3123081
2 0520 20.59 21.62 9.69 3399345
1 0521 58.80 121.48 18.70 3124081
2 0521 20.59 21.62 12.07 3399895
1 0522 58.81 121.48 19.72 3125081
2 0522 20.60 21.65 12.33 3400195
2 0523 20.60 21.62 11.39 3400545
1 0524 58.82 121.48 19.12 3127081
2 0524 20.60 21.62 12.07 3400845
1 0523 58.81 121.48 20.23 3126081
1 0525 58.81 121.48 17.26 3128081
2 0525 20.60 21.62 10.20 3401395
1 0526 58.82 121.48 16.24 3129081
2 0526 20.59 21.62 9.86 3401695
1 0527 58.81 121.48 15.47 3130081
2 0527 20.60 21.62 11.05 3402245
1 0528 58.81 121.48 17.26 3131081
2 0528 20.59 21.65 11.82 3402645
2 0529 20.59 21.62 11.05 3402945
1 0530 58.80 121.48 19.72 3133081
1 0529 58.81 121.48 18.96 3132081
2 0530 20.60 21.62 9.94 3403245
1 0531 58.81 121.48 20.57 3134081
2 0531 20.60 21.62 11.48 3403545
1 0532 58.82 121.48 19.38 3135081
2 0532 20.60 21.62 12.75 3403845
1 0533 58.82 121.48 18.70 3136081
2 0533 20.60 21.62 10.71 3404145
1 0534 58.81 121.48 16.92 3137081
2 0534 20.60 21.62 10.37 3404495
1 0535 58.81 121.48 15.39 3138081
2 0535 20.60 21.62 10.20 3404795
1 0536 58.81 121.48 16.83 3139081
2 0536 20.59 21.62 11.22 3405095
1 0537 58.81 121.48 17.26 3140081
2 0537 20.60 21.62 12.41 3405395
2 0538 20.59 21.62 11.05 3405695
1 0539 58.80 121.48 20.49 3142081
1 0538 58.82 121.48 18.70 3141081
2 0539 20.58 21.62 10.12 3405995
1 0540 58.82 121.48 20.06 3143081
2 0540 20.59 21.62 12.16 3406295
1 0541 58.81 121.48 20.06 3144081
2 0541 20.55 21.41 10.03 3592595
1 0542 58.81 121.48 18.10 3145081
2 0542 20.54 21.48 11.05 3592895
1 0543 58.80 121.48 18.28 3146081
2 0543 20.55 21.45 12.84 3593445
1 0544 58.81 121.48 18.02 3147081
2 0544 20.55 21.41 12.33 3593745
2 0545 20.56 21.48 10.37 3594095
1 0546 58.81 121.48 16.15 3149081
1 0545 58.80 121.48 16.40 3148081
2 0546 20.55 21.45 11.56 3594395
1 0547 58.82 121.48 16.15 3150081
2 0547 20.54 21.41 9.69 3594945
1 0548 58.81 121.48 17.42 3151081
2 0548 20.55 21.41 10.71 3595245
2 0549 20.54 21.45 12.58 3595795
1 0550 58.79 121.48 19.80 3153081
2 0550 20.54 21.41 12.58 3596095
1 0551 58.81 121.48 20.66 3154081
1 0549 58.81 121.48 19.38 3152081
2 0551 20.54 21.41 11.14 3596445
1 0552 58.81 121.48 20.06 3155081
2 0552 20.55 21.41 12.16 3596745
1 0553 58.81 121.48 19.98 3156081
2 0553 20.56 21.41 9.86 3597295
2 0554 20.56 21.41 9.69 3597595
1 0554 58.79 121.48 20.74 3157081
1 0555 58.80 121.48 19.30 3158081
2 0555 20.55 21.41 11.73 3598145
1 0556 58.81 121.48 19.30 3159081
2 0556 20.54 21.41 9.78 3598495
1 0557 58.81 121.48 18.44 3160081
2 0557 20.54 21.41 11.39 3599045
1 0558 58.80 121.48 16.66 3161081
2 0558 20.54 21.41 11.99 3599345
1 0559 58.80 121.48 16.40 3162081
2 0559 20.54 21.41 11.65 3599695
1 0560 58.81 121.48 15.98 3163081
2 0560 20.56 21.41 11.99 3599995
1 0561 58.79 121.48 16.06 3164081
2 0561 20.55 21.48 10.88 3600545
1 0562 58.81 121.48 17.60 3165081
2 0562 20.54 21.41 9.69 3600845
1 0563 58.79 121.48 18.36 3166081
2 0563 20.55 21.41 11.65 3601395
1 0564 58.81 121.48 19.04 3167081
2 0564 20.54 21.41 11.65 3601695
1 0565 58.79 121.48 20.83 3168081
2 0565 20.55 21.41 12.67 3602045
2 0566 20.54 21.41 12.58 3602345
1 0567 58.80 121.48 18.19 3170081
1 0566 58.79 121.48 19.64 3169081
2 0567 20.54 21.41 11.14 3602895
1 0568 58.80 121.48 17.08 3171081
2 0568 20.53 21.41 10.62 3603197
1 0569 58.81 121.48 15.30 3172081
2 0569 20.54 21.41 9.94 3603745
1 0570 58.81 121.48 16.24 3173081
2 0570 20.53 21.41 11.14 3604045
1 0571 58.81 121.48 18.36 3174081
2 0571 20.54 21.41 12.24 3604395
2 0572 20.54 21.41 10.37 3604695
1 0572 58.79 121.48 18.78 3175081
1 0573 58.79 121.48 19.80 3176081
2 0573 20.54 21.41 11.99 3605245
1 0574 58.79 121.48 20.66 3177081
2 0574 20.54 21.41 10.62 3605545
1 0575 58.80 121.48 19.38 3178081
2 0575 20.54 21.41 10.20 3606095
1 0576 58.80 121.48 18.19 3179081
2 0576 20.55 21.41 10.71 3606395
1 0577 58.79 121.48 17.51 3180081
2 0577 20.54 21.41 12.75 3606745
1 0578 58.79 121.48 16.15 3181081
1 0579 58.80 121.48 15.47 3182081
2 0578 20.54 21.41 12.41 3607045
1 0580 58.79 121.48 16.58 3183081
1 0581 58.79 121.48 17.68 3184081
1 0582 58.78 121.48 18.19 3185081
1 0583 58.79 121.48 19.89 3186081
1 0584 58.79 121.48 20.74 3187081
1 0585 58.79 121.48 19.38 3188081
1 0586 58.81 121.48 18.44 3189081
1 0587 58.79 121.48 18.62 3190081
2 0587 20.54 21.41 10.28 3610795
2 0588 20.54 21.41 10.20 3611095
2 0579 20.56 21.41 11.39 3607595
1 0589 58.79 121.48 15.47 3192081
2 0589 20.54 21.34 12.75 3611445
1 0590 58.79 121.48 16.74 3193081
1 0588 58.78 121.48 16.24 3191081
2 0590 20.54 21.38 12.24 3611745
2 0580 20.53 21.41 10.71 3607895
1 0591 58.79 121.48 17.76 3194081
2 0591 20.55 21.41 11.56 3612295
1 0592 58.78 121.48 17.42 3195081
2 0592 20.53 21.41 10.88 3612595
1 0593 58.79 121.48 18.53 3196081
2 0581 20.55 21.38 11.48 3608445
2 0593 20.54 21.41 9.69 3613145
1 0594 58.78 121.48 20.32 3197081
2 0594 20.55 21.41 10.28 3613445
1 0595 58.77 121.48 19.89 3198081
2 0582 20.54 21.38 11.39 3608745
2 0595 20.54 21.41 12.07 3613795
1 0596 58.79 121.48 19.72 3199081
2 0596 20.54 21.38 11.48 3614095
1 0597 58.80 121.48 19.38 3200081
2 0597 20.54 21.41 12.58 3614645
2 0583 20.55 21.41 12.41 3609095
2 0598 20.54 21.41 11.48 3614945
1 0598 58.61 121.48 20.74 3702081
1 0599 58.79 121.48 19.38 3202081
1 0600 58.61 121.48 18.87 3704081
2 0584 20.54 21.41 11.99 3609395
2 0600 20.54 21.41 9.86 3615795
1 0601 58.60 121.48 17.85 3705081
2 0601 20.54 21.41 12.16 3616145
2 0602 20.54 21.41 10.88 3616445
2 0585 20.55 21.41 11.90 3609945
1 0603 58.60 121.48 16.06 3707081
2 0603 20.55 21.41 12.50 3616995
1 0602 58.60 121.48 16.32 3706081
1 0604 58.59 121.48 16.15 3708081
2 0604 20.54 21.41 12.16 3617295
2 0586 20.53 21.41 10.46 3610245
2 0605 20.54 21.41 10.46 3617845
1 0605 58.61 121.48 17.42 3709081
1 0606 58.60 121.48 18.96 3710081
1 0607 58.59 121.48 19.64 3711081
2 0607 20.54 21.41 10.97 3618495
2 0599 20.54 21.41 10.20 3615495
1 0608 58.59 121.48 20.83 3712081
2 0608 20.54 21.41 10.37 3618795
1 0609 58.61 121.48 19.55 3713081
2 0609 20.54 21.41 12.41 3619345
2 0606 20.54 21.41 9.94 3618145
1 0610 58.59 121.48 18.02 3714081
2 0610 20.53 21.41 12.84 3619645
1 0611 58.59 121.48 17.42 3715081
2 0611 20.54 21.41 10.54 3620195
1 0612 58.60 121.48 15.81 3716081
2 0612 20.54 21.41 10.03 3620495
1 0613 58.60 121.48 16.32 3717081
2 0613 20.54 21.41 11.31 3620845
1 0614 58.61 121.48 18.36 3718081
2 0614 20.54 21.41 9.94 3621145
1 0615 58.61 121.48 18.62 3719081
2 0615 20.55 21.41 10.54 3621695
1 0616 58.61 121.48 20.15 3720081
2 0616 20.54 21.41 12.07 3621995
2 0617 20.54 21.41 11.05 3622545
1 0618 58.60 121.48 19.46 3722081
2 0618 20.54 21.41 9.86 3622845
1 0617 58.61 121.48 20.66 3721081
1 0619 58.59 121.48 19.21 3723081
2 0619 20.54 21.41 11.31 3623195
1 0620 58.61 121.48 17.94 3724081
2 0620 20.54 21.41 9.78 3623495
1 0621 58.59 121.48 16.58 3725081
2 0621 20.54 21.41 11.90 3624045
1 0622 58.61 121.48 16.49 3726081
2 0622 20.54 21.41 12.58 3624345
1 0623 58.60 121.48 15.64 3727081
2 0623 20.53 21.41 10.97 3624895
1 0624 58.60 121.48 17.94 3728081
2 0624 20.53 21.48 12.67 3625245
1 0625 58.60 121.48 19.46 3729081
2 0625 20.53 21.41 11.31 3625795
1 0626 58.61 121.48 19.64 3730081
1 0627 58.59 121.48 20.23 3731081
2 0627 20.54 21.41 9.78 3626445
2 0626 20.54 21.41 11.14 3626095
1 0628 58.60 121.48 19.12 3732081
2 0628 20.53 21.41 9.86 3626745
1 0629 58.59 121.48 16.83 3733081
2 0629 20.53 21.41 12.24 3627295
1 0630 58.60 121.48 15.90 3734081
2 0630 20.53 21.41 12.33 3627595
1 0631 58.61 121.48 18.70 3735081
1 0632 58.59 121.48 19.04 3736081
2 0632 20.52 21.41 11.22 3628445
2 0631 20.53 21.41 11.82 3628145
1 0633 58.59 121.48 19.98 3737081
2 0633 20.54 21.41 10.28 3628795
1 0634 58.60 121.48 19.21 3738081
2 0634 20.54 21.41 9.01 3629095
1 0635 58.59 121.48 16.83 3739081
2 0635 20.53 21.45 11.82 3629645
1 0636 58.59 121.48 15.47 3740081
2 0636 20.54 21.41 12.24 3629945
1 0637 58.60 121.48 18.02 3741081
2 0637 20.53 21.41 11.73 3630495
2 0638 20.54 21.41 11.05 3630795
1 0639 58.60 121.48 19.98 3743081
2 0639 20.55 21.41 9.78 3631145
1 0638 58.59 121.48 19.12 3742081
1 0640 58.59 121.48 18.62 3744581
1 0641 58.60 121.48 19.89 3745581
2 0641 20.54 21.41 11.31 3631995
2 0640 20.54 21.41 10.46 3631445
1 0642 58.58 121.48 19.72 3746581
2 0642 20.54 21.41 12.41 3632295
1 0643 58.59 121.48 18.96 3747581
2 0643 20.53 21.41 11.99 3632845
1 0644 58.59 121.48 17.85 3748581
2 0644 20.52 21.41 11.73 3633145
1 0645 58.59 121.48 15.64 3749581
2 0645 20.53 21.41 9.69 3633495
1 0646 58.59 121.48 15.56 3750581
2 0646 20.53 21.41 9.94 3633795
1 0647 58.60 121.48 18.36 3751581
2 0647 20.53 21.41 11.73 3634345
2 0648 20.54 21.41 11.90 3634645
1 0648 58.59 121.48 19.38 3752581
1 0649 58.59 121.48 19.89 3753581
1 0650 58.58 121.48 19.89 3754581
2 0650 20.54 21.41 11.31 3635495
2 0649 20.53 21.41 12.24 3635195
1 0651 58.59 121.48 19.46 3755581
2 0651 20.54 21.41 9.94 3635845
1 0652 58.59 121.48 17.17 3756581
2 0652 20.54 21.41 10.88 3636145
1 0653 58.59 121.48 16.58 3757581
2 0653 20.54 21.41 9.86 3636695
1 0654 58.60 121.48 16.58 3758581
2 0654 20.53 21.41 11.05 3636995
1 0655 58.59 121.48 17.76 3759581
2 0655 20.54 21.41 12.33 3637545
1 0656 58.59 121.48 19.12 3760581
2 0656 20.53 21.41 12.50 3637845
1 0657 58.58 121.48 20.49 3761581
1 0658 58.59 121.48 20.06 3762581
2 0657 20.54 21.38 10.12 3638195
2 0658 20.53 21.41 11.05 3638495
1 0659 58.59 121.48 18.36 3763581
2 0659 20.54 21.38 10.12 3639045
1 0660 58.59 121.48 17.17 3764581
2 0660 20.54 21.38 11.14 3639345
1 0661 58.58 121.48 15.98 3765581
2 0661 20.53 21.41 12.58 3639895
2 0662 20.54 21.41 12.67 3640195
1 0663 58.57 121.48 18.70 3767581
2 0663 20.53 21.41 10.88 3640545
1 0662 58.58 121.48 16.92 3766581
1 0664 58.59 121.48 20.23 3768581
2 0664 20.53 21.34 11.39 3640845
2 0665 20.54 21.34 9.60 3641395
1 0666 58.58 121.48 18.19 3770581
2 0666 20.52 21.41 10.80 3641695
1 0665 58.59 121.48 19.80 3769581
1 0667 58.57 121.48 17.26 3771581
1 0668 58.59 121.48 15.30 3772581
2 0668 20.54 21.38 12.33 3642545
2 0667 20.53 21.38 11.90 3642245
1 0669 58.59 121.48 17.60 3773581
2 0669 20.54 21.38 10.37 3642895
1 0670 58.59 121.48 19.89 3774581
2 0670 20.54 21.34 11.73 3643195
1 0671 58.56 121.48 20.57 3775581
2 0671 20.54 21.41 10.20 3643745
1 0672 58.57 121.48 19.72 3776581
2 0672 20.53 21.38 10.88 3644045
1 0673 58.58 121.48 19.12 3777581
2 0673 20.54 21.34 12.75 3644595
1 0674 58.58 121.48 17.26 3778581
2 0674 20.54 21.34 12.75 3644895
1 0675 58.57 121.48 15.47 3779581
2 0675 20.54 21.34 10.97 3645245
1 0676 58.57 121.48 16.74 3780581
2 0676 20.54 21.34 11.56 3645545
2 0677 20.52 21.34 9.60 3646095
1 0678 58.58 121.48 19.72 3782581
2 0678 20.53 21.34 9.52 3646395
1 0679 58.58 121.48 20.15 3783581
1 0677 58.58 121.48 19.21 3781581
2 0679 20.52 21.34 11.82 3646945
1 0680 58.57 121.48 19.12 3784581
2 0680 20.53 21.34 12.24 3647245
1 0681 58.58 121.48 16.58 3785581
2 0681 20.53 21.34 11.05 3647595
2 0682 20.53 21.34 12.41 3647895
1 0683 58.58 121.48 18.10 3787581
2 0683 20.54 21.34 10.54 3648445
1 0684 58.57 121.48 19.12 3788581
1 0682 58.57 121.48 15.39 3786581
2 0684 20.52 21.34 9.86 3648745
1 0685 58.58 121.48 19.80 3789581
2 0685 20.54 21.34 11.90 3649295
1 0686 58.58 121.48 20.23 3790581
2 0686 20.54 21.34 12.16 3649595
1 0687 58.57 121.48 18.02 3791581
2 0687 20.54 21.34 11.90 3649945
1 0688 58.57 121.48 15.81 3792581
2 0688 20.53 21.34 12.24 3650245
2 0689 20.53 21.34 10.12 3650795
1 0690 58.58 121.48 19.12 3794581
2 0690 20.53 21.34 9.78 3651095
1 0689 58.58 121.48 17.42 3793581
1 0691 58.57 121.48 19.89 3795581
1 0692 58.57 121.48 19.46 3796581
2 0692 20.53 21.34 12.41 3651945
2 0691 20.54 21.34 11.82 3651645
1 0693 58.59 121.48 17.94 3797581
2 0693 20.54 21.34 11.14 3652295
1 0694 58.58 121.48 15.47 3798581
2 0694 20.55 21.34 12.24 3652595
1 0695 58.57 121.48 16.32 3799581
1 0696 58.57 121.48 19.38 3800581
2 0696 20.53 21.34 11.56 3653495
2 0695 20.53 21.34 10.46 3653145
1 0697 58.57 121.48 19.89 3801581
2 0697 20.54 21.34 10.46 3654045
1 0698 58.57 121.48 20.06 3802581
2 0698 20.54 21.34 9.78 3654345
1 0699 58.57 121.48 19.38 3803581
2 0699 20.54 21.34 11.82 3654695
1 0700 58.57 121.48 17.17 3804581
2 0700 20.54 21.34 10.97 3654995
1 0701 58.57 121.48 15.30 3805581
2 0701 20.54 21.34 12.33 3655545
1 0702 58.57 121.48 17.42 3806581
2 0702 20.52 21.34 12.58 3655845
1 0703 58.57 121.48 19.80 3807581
2 0703 20.53 21.34 10.28 3656395
1 0704 58.57 121.48 20.15 3808581
2 0704 20.53 21.34 10.20 3656695
1 0705 58.56 121.48 19.38 3809581
2 0705 20.54 21.34 10.88 3657045
1 0706 58.57 121.48 17.60 3810581
2 0706 20.54 21.34 10.28 3657545
1 0707 58.57 121.48 15.13 3811581
2 0707 20.54 21.34 11.73 3657895
1 0708 58.57 121.48 16.24 3812581
2 0708 20.54 21.34 12.41 3658195
1 0709 58.57 121.48 19.64 3813581
2 0709 20.54 21.34 10.28 3658695
1 0710 58.56 121.48 20.40 3814581
2 0710 20.53 21.31 11.99 3659045
1 0711 58.58 121.48 18.19 3815581
2 0711 20.53 21.34 11.48 3659345
1 0712 58.57 121.48 17.00 3816581
2 0712 20.53 21.34 12.41 3659895
1 0713 58.56 121.48 16.06 3817581
2 0713 20.53 21.34 10.71 3660195
1 0714 58.57 121.48 17.34 3818581
2 0714 20.53 21.34 10.03 3660745
1 0715 58.57 121.48 19.55 3819581
2 0715 20.52 21.34 10.37 3661045
2 0716 20.54 21.31 12.84 3661395
1 0717 58.58 121.48 18.62 3821581
2 0717 20.52 21.34 12.33 3661695
1 0716 58.57 121.48 20.83 3820581
1 0718 58.57 121.48 16.58 3822581
2 0719 20.53 21.34 10.80 3662545
2 0718 20.55 21.34 11.48 3662245
1 0720 58.57 121.48 18.28 3824581
2 0720 20.54 21.27 9.94 3663095
1 0719 58.57 121.48 16.15 3823581
1 0721 58.56 121.48 19.21 3825581
2 0721 20.52 21.34 11.22 3663395
2 0722 20.53 21.34 12.58 3663745
1 0723 58.56 121.48 20.06 3827581
1 0722 58.56 121.48 20.23 3826581
2 0723 20.53 21.31 12.07 3664045
1 0724 58.56 121.48 18.19 3828581
2 0724 20.54 21.31 11.05 3664595
1 0725 58.57 121.48 16.40 3829581
2 0725 20.53 21.31 10.20 3664895
1 0726 58.57 121.48 15.98 3830581
2 0726 20.54 21.34 10.03 3665445
1 0727 58.57 121.48 17.76 3831581
2 0727 20.52 21.31 10.97 3665745
2 0728 20.54 21.31 12.33 3666095
1 0729 58.57 121.48 19.98 3833581
2 0729 20.53 21.27 12.67 3666395
1 0730 58.57 121.48 20.06 3834581
1 0728 58.58 121.48 18.78 3832581
2 0730 20.54 21.27 11.39 3666945
1 0731 58.56 121.48 17.60 3835581
2 0731 20.53 21.27 10.46 3667245
1 0732 58.57 121.48 15.98 3836581
2 0732 20.53 21.27 11.05 3667795
1 0733 58.57 121.48 17.26 3837581
2 0733 20.54 21.31 11.31 3668095
1 0734 58.56 121.48 19.04 3838581
2 0734 20.53 21.31 12.58 3668445
1 0735 58.57 121.48 19.46 3839581
2 0735 20.53 21.27 12.84 3668745
2 0736 20.52 21.27 10.54 3669295
1 0737 58.55 121.48 20.15 3841581
1 0738 58.56 121.48 17.51 3842581
2 0737 20.52 21.31 9.78 3669595
2 0738 20.52 21.27 11.65 3670145
1 0739 58.57 121.48 15.81 3843581
2 0739 20.52 21.27 12.33 3670445
1 0736 58.55 121.48 20.23 3840581
1 0740 58.57 121.48 17.51 3844581
2 0740 20.52 21.27 11.82 3670795
1 0741 58.56 121.48 18.87 3845581
2 0741 20.54 21.34 12.33 3671095
1 0742 58.57 121.48 19.72 3846581
2 0742 20.52 21.27 10.71 3671645
2 0743 20.52 21.27 9.44 3671946
1 0744 58.57 121.48 18.62 3848581
1 0743 58.57 121.48 19.80 3847581
2 0744 20.53 21.27 11.56 3672496
1 0745 58.55 121.48 16.32 3849581
2 0745 20.52 21.27 11.99 3672795
1 0746 58.56 121.48 15.81 3850581
2 0746 20.52 21.27 11.73 3673145
1 0747 58.56 121.48 17.08 3851581
2 0747 20.53 21.27 12.75 3673445
1 0748 58.56 121.48 17.68 3852581
2 0748 20.52 21.27 10.20 3673995
1 0749 58.56 121.48 19.55 3853581
2 0749 20.52 21.27 9.94 3674295
1 0750 58.57 121.48 20.66 3854581
2 0750 20.52 21.31 12.41 3674845
1 0751 58.57 121.48 18.36 3855581
2 0751 20.52 21.27 12.41 3675145
1 0752 58.56 121.48 16.40 3856581
2 0752 20.52 21.31 11.14 3675495
1 0753 58.55 121.48 16.15 3857581
2 0753 20.52 21.27 11.65 3675795
1 0754 58.55 121.48 17.00 3858581
2 0754 20.52 21.27 9.52 3676345
2 0755 20.52 21.27 10.80 3676645
1 0756 58.56 121.48 20.66 3860581
1 0755 58.56 121.48 18.70 3859581
2 0756 20.52 21.31 12.24 3677195
1 0757 58.57 121.48 19.89 3861581
2 0757 20.52 21.31 12.41 3677495
1 0758 58.55 121.48 18.19 3862581
2 0758 20.52 21.34 10.12 3677845
1 0759 58.57 121.48 17.17 3863581
2 0759 20.53 21.31 10.97 3678145
1 0760 58.57 121.48 15.73 3864581
1 0761 58.57 121.48 17.68 3865581
2 0761 20.52 21.34 11.31 3678995
2 0760 20.53 21.34 10.46 3678695
1 0762 58.57 121.48 19.98 3866581
2 0762 20.52 21.34 12.75 3679545
1 0763 58.56 121.48 20.06 3867581
2 0763 20.52 21.27 11.82 3679846
1 0764 58.55 121.48 19.12 3868581
2 0764 20.52 21.34 9.94 3680195
1 0765 58.55 121.48 17.34 3869581
2 0765 20.49 21.34 11.31 3876395
1 0766 58.56 121.48 15.47 3870581
2 0766 20.48 21.34 12.16 3876695
1 0767 58.55 121.48 18.19 3871581
2 0767 20.48 21.34 9.86 3877245
1 0768 58.55 121.48 18.96 3872581
2 0768 20.47 21.34 10.97 3877545
1 0769 58.55 121.48 20.23 3873581
2 0769 20.48 21.34 12.41 3878095
1 0770 58.56 121.48 19.38 3874581
1 0771 58.56 121.48 16.66 3875581
2 0771 20.48 21.34 9.69 3878745
2 0770 20.48 21.34 12.50 3878395
1 0772 58.56 121.48 16.15 3876581
2 0772 20.49 21.34 10.28 3879045
1 0773 58.54 121.48 15.90 3877581
2 0773 20.48 21.34 11.22 3879595
1 0774 58.55 121.48 19.12 3878581
2 0774 20.48 21.34 12.16 3879895
1 0775 58.55 121.48 19.98 3879581
2 0775 20.48 21.34 11.22 3880445
1 0776 58.56 121.48 19.72 3880581
2 0776 20.48 21.34 10.46 3880745
2 0777 20.48 21.34 10.97 3881095
1 0778 58.55 121.48 17.51 3882581
2 0778 20.49 21.34 10.12 3881395
1 0777 58.56 121.48 19.46 3881581
1 0779 58.55 121.48 15.56 3883581
1 0780 58.55 121.48 16.32 3884581
2 0779 20.49 21.34 12.41 3881945
2 0780 20.46 21.34 12.16 3882245
1 0781 58.55 121.48 17.34 3885581
2 0781 20.47 21.34 9.86 3882795
1 0782 58.56 121.48 19.55 3886581
2 0782 20.47 21.34 9.86 3883095
1 0783 58.56 121.48 20.57 3887581
1 0784 58.56 121.48 18.96 3888581
2 0784 20.47 21.34 11.82 3883745
2 0783 20.48 21.34 12.24 3883445
1 0785 58.55 121.48 18.44 3889581
2 0785 20.46 21.34 11.65 3884295
1 0786 58.56 121.48 15.90 3890581
2 0786 20.47 21.34 9.94 3884595
1 0787 58.55 121.48 15.73 3891581
2 0787 20.48 21.34 11.39 3885145
1 0788 58.56 121.48 18.36 3892581
1 0789 58.56 121.48 19.12 3893581
1 0790 58.56 121.48 20.74 3894581
2 0790 20.48 21.34 12.58 3886095
2 0788 20.48 21.34 11.73 3885445
1 0791 58.56 121.48 18.62 3895581
2 0791 20.48 21.34 9.60 3886645
1 0792 58.56 121.48 16.74 3896581
2 0789 20.46 21.34 12.24 3885795
2 0792 20.47 21.34 10.62 3886945
1 0793 58.55 121.48 16.24 3897581
2 0793 20.47 21.34 12.33 3887495
1 0794 58.55 121.48 16.40 3898581
1 0795 58.55 121.48 18.62 3899581
2 0795 20.47 21.34 9.94 3888145
1 0796 58.55 121.48 20.66 3900581
1 0797 58.56 121.48 18.87 3901581
2 0797 20.48 21.34 10.12 3888995
2 0794 20.48 21.34 12.50 3887795
1 0798 58.57 121.48 18.44 3902581
2 0798 20.47 21.34 11.56 3889295
1 0799 58.56 121.48 17.60 3903581
2 0796 20.47 21.34 10.80 3888445
2 0799 20.48 21.34 12.67 3889845
1 0800 58.55 121.48 15.47 3904581
2 0800 20.48 21.34 11.48 3890145
2 0801 20.48 21.34 10.12 3890495
1 0802 58.55 121.48 19.12 3906581
2 0802 20.47 21.34 9.69 3890795
1 0803 58.56 121.48 19.55 3907581
1 0801 58.55 121.48 16.15 3905581
2 0803 20.47 21.34 11.73 3891345
1 0804 58.56 121.48 19.55 3908581
2 0804 20.47 21.34 12.50 3891645
1 0805 58.56 121.48 17.68 3909581
2 0805 20.47 21.34 10.97 3892197
2 0806 20.48 21.34 10.46 3892495
1 0806 58.55 121.48 15.56 3910581
1 0807 58.56 121.48 17.51 3911581
1 0808 58.55 121.48 20.15 3912581
2 0808 20.47 21.34 10.03 3893145
2 0807 20.48 21.34 10.80 3892845
1 0809 58.56 121.48 19.98 3913581
2 0809 20.47 21.34 12.33 3893695
1 0810 58.56 121.48 18.02 3914581
2 0810 20.47 21.34 12.58 3893995
1 0811 58.54 121.48 17.00 3915581
2 0811 20.47 21.34 11.14 3894545
1 0812 58.54 121.48 15.98 3916581
2 0812 20.47 21.34 10.46 3894845
2 0813 20.46 21.34 11.48 3895195
1 0814 58.54 121.48 20.40 3918581
1 0813 58.55 121.48 18.53 3917581
2 0814 20.47 21.34 10.03 3895495
1 0815 58.55 121.48 19.89 3919581
2 0815 20.47 21.34 12.33 3896045
1 0816 58.55 121.48 17.68 3920581
2 0816 20.47 21.31 12.16 3896345
1 0817 58.54 121.48 16.24 3921581
2 0817 20.48 21.31 10.12 3896895
1 0818 58.56 121.48 17.76 3922581
2 0818 20.47 21.34 9.35 3897195
2 0819 20.47 21.27 11.56 3897545
1 0820 58.54 121.48 20.49 3924581
2 0820 20.48 21.27 11.22 3897845
1 0821 58.55 121.48 19.21 3925581
1 0819 58.55 121.48 19.04 3923581
2 0821 20.48 21.31 13.00 3898395
1 0822 58.54 121.48 17.26 3926581
2 0822 20.47 21.34 11.73 3898695
1 0823 58.55 121.48 16.15 3927581
2 0823 20.48 21.27 10.12 3899245
2 0824 20.47 21.31 10.20 3899545
1 0825 58.55 121.48 18.28 3929581
1 0824 58.55 121.48 16.83 3928581
2 0825 20.47 21.27 12.67 3899895
1 0826 58.54 121.48 19.30 3930581
2 0826 20.47 21.31 11.99 3900195
1 0827 58.55 121.48 20.57 3931581
2 0827 20.48 21.31 11.65 3900745
1 0828 58.55 121.48 19.89 3932581
2 0828 20.47 21.27 10.88 3901045
1 0829 58.54 121.48 18.78 3933581
2 0829 20.48 21.27 9.78 3901595
1 0830 58.54 121.48 18.36 3934581
2 0830 20.48 21.27 11.14 3901895
1 0831 58.56 121.48 16.49 3935581
2 0831 20.47 21.27 12.50 3902245
1 0832 58.56 121.48 15.73 3936581
2 0832 20.48 21.27 12.33 3902545
1 0833 58.54 121.48 17.08 3937581
2 0833 20.47 21.27 11.31 3903095
1 0834 58.55 121.48 18.28 3938581
2 0834 20.47 21.27 10.03 3903395
1 0835 58.55 121.48 19.80 3939581
2 0835 20.48 21.27 11.48 3903945
2 0836 20.48 21.27 12.07 3904245
1 0836 58.56 121.48 20.91 3940581
1 0837 58.54 121.48 19.21 3941581
1 0838 58.55 121.48 17.94 3942581
2 0838 20.48 21.27 12.41 3904895
2 0837 20.48 21.27 11.82 3904595
1 0839 58.55 121.48 16.15 3943581
2 0839 20.47 21.31 9.86 3905445
1 0840 58.55 121.48 15.81 3944581
2 0840 20.46 21.27 10.46 3905745
1 0841 58.55 121.48 18.62 3945581
2 0841 20.47 21.31 12.07 3906295
1 0842 58.55 121.48 19.72 3946581
2 0842 20.48 21.27 12.84 3906595
1 0843 58.55 121.48 19.46 3947581
2 0843 20.47 21.27 10.28 3906945
1 0844 58.55 121.48 17.42 3948581
2 0844 20.47 21.34 11.14 3907245
2 0845 20.47 21.34 10.12 3907795
1 0846 58.54 121.48 17.08 3950581
2 0846 20.46 21.27 11.48 3908095
1 0845 58.55 121.48 14.96 3949581
1 0847 58.55 121.48 19.55 3951581
2 0847 20.47 21.34 12.75 3908645
1 0848 58.55 121.48 19.98 3952581
2 0848 20.47 21.31 11.39 3908945
1 0849 58.55 121.48 19.98 3953581
2 0849 20.47 21.34 10.03 3909295
1 0850 58.54 121.48 17.51 3954581
2 0850 20.48 21.34 10.03 3909595
1 0851 58.54 121.48 15.47 3955581
2 0851 20.49 21.34 11.90 3910145
1 0852 58.54 121.48 18.28 3956581
2 0852 20.46 21.34 12.58 3910445
1 0853 58.54 121.48 19.89 3957581
2 0853 20.46 21.34 10.37 3910995
1 0854 58.54 121.48 19.89 3958581
2 0854 20.47 21.31 9.94 3911295
1 0855 58.53 121.48 18.87 3959581
2 0855 20.47 21.34 11.90 3911645
1 0856 58.52 121.48 16.92 3960581
2 0856 20.47 21.34 11.05 3911945
1 0857 58.54 121.48 15.64 3961581
2 0857 20.47 21.34 12.41 3912495
2 0858 20.47 21.34 10.97 3912795
1 0859 58.55 121.48 20.15 3963581
2 0859 20.47 21.34 10.03 3913345
1 0860 58.52 121.48 17.76 3965081
1 0858 58.54 121.48 18.70 3962581
2 0860 20.47 21.34 11.05 3913645
1 0861 58.54 121.48 20.57 3966081
2 0861 20.48 21.34 12.58 3913995
1 0862 58.54 121.48 19.30 3967081
2 0863 20.48 21.34 10.80 3914796
1 0864 58.53 121.48 16.06 3969081
1 0863 58.54 121.48 17.00 3968081
2 0864 20.46 21.34 12.41 3915145
1 0865 58.53 121.48 17.60 3970081
2 0865 20.47 21.34 11.73 3915445
1 0866 58.54 121.48 19.30 3971081
2 0866 20.48 21.34 11.99 3915995
1 0867 58.53 121.48 20.66 3972081
2 0862 20.48 21.34 12.58 3914295
2 0867 20.48 21.34 10.88 3916295
1 0868 58.53 121.48 18.96 3973081
2 0868 20.47 21.34 9.86 3916845
1 0869 58.54 121.48 17.00 3974081
2 0869 20.48 21.34 11.73 3917145
1 0870 58.53 121.48 16.15 3975081
2 0870 20.47 21.34 12.07 3917495
1 0871 58.55 121.48 17.17 3976081
2 0871 20.48 21.34 12.50 3917795
2 0872 20.48 21.34 10.88 3918345
1 0872 58.54 121.48 18.87 3977081
1 0873 58.55 121.48 20.32 3978081
1 0874 58.54 121.48 19.98 3979081
2 0874 20.48 21.34 12.50 3919195
1 0875 58.53 121.48 17.68 3980081
2 0875 20.48 21.34 12.58 3919495
2 0873 20.47 21.31 9.78 3918645
2 0876 20.47 21.34 10.62 3919845
1 0877 58.53 121.48 16.15 3982081
1 0876 58.52 121.48 16.58 3981081
2 0877 20.48 21.34 10.80 3920145
1 0878 58.53 121.48 17.42 3983081
2 0878 20.48 21.34 10.80 3920695
1 0879 58.53 121.48 19.46 3984081
2 0879 20.48 21.34 12.24 3920995
1 0880 58.53 121.48 20.74 3985081
2 0880 20.47 21.34 11.99 3921545
1 0881 58.53 121.48 19.12 3986081
1 0882 58.54 121.48 17.42 3987081
2 0881 20.47 21.34 11.22 3921845
1 0883 58.53 121.48 16.83 3988081
2 0883 20.48 21.34 9.78 3922495
1 0884 58.54 121.48 15.64 3989081
2 0884 20.47 21.34 12.33 3923045
2 0882 20.48 21.34 9.60 3922195
1 0885 58.53 121.48 16.49 3990081
2 0885 20.48 21.34 12.58 3923345
1 0886 58.53 121.48 19.21 3991081
2 0886 20.48 21.34 10.97 3923895
2 0887 20.49 21.34 9.94 3924195
1 0887 58.53 121.48 20.15 3992081
1 0888 58.53 121.48 20.06 3993081
2 0888 20.47 21.34 12.16 3924545
2 0889 20.48 21.34 11.14 3924845
1 0890 58.53 121.48 17.51 3995081
2 0890 20.48 21.31 12.33 3925346
1 0889 58.53 121.48 18.87 3994081
1 0891 58.53 121.48 15.30 3996081
2 0891 20.48 21.34 10.54 3925695
1 0892 58.52 121.48 16.49 3997081
2 0892 20.48 21.34 9.60 3925995
1 0893 58.52 121.48 19.89 3998081
2 0893 20.48 21.34 12.58 3926545
1 0894 58.53 121.48 20.23 3999081
2 0894 20.48 21.34 12.07 3926845
1 0895 58.52 121.48 19.04 4000081
2 0895 20.48 21.34 10.46 3927395
1 0896 58.52 121.48 18.28 4001081
1 0897 58.52 121.48 15.81 4002081
2 0897 20.48 21.34 12.84 3928045
1 0898 58.52 121.48 16.92 4003081
1 0899 58.52 121.48 18.70 4004081
2 0899 20.48 21.34 11.05 3928895
1 0900 58.53 121.48 19.64 4005081
2 0896 20.48 21.34 10.12 3927695
2 0900 20.47 21.34 10.03 3929195
1 0901 58.52 121.48 19.98 4006081
1 0902 58.53 121.48 19.21 4007081
2 0902 20.48 21.34 12.84 3930045
2 0898 20.47 21.34 12.58 3928345
1 0903 58.52 121.48 16.66 4008081
2 0903 20.46 21.34 11.05 3930395
1 0904 58.52 121.48 15.73 4009081
1 0905 58.52 121.48 19.55 4010081
2 0901 20.48 21.34 11.48 3929745
2 0905 20.48 21.34 9.69 3931245
2 0904 20.47 21.34 11.56 3930695
1 0906 58.52 121.48 20.23 4011081
2 0906 20.46 21.41 11.14 3931545
1 0907 58.53 121.48 18.87 4012081
2 0907 20.47 21.38 12.92 3932095
1 0908 58.52 121.48 17.51 4013081
2 0908 20.47 21.34 11.82 3932395
1 0909 58.53 121.48 15.90 4014081
1 0910 58.52 121.48 18.28 4015081
2 0909 20.47 21.34 9.86 3932745
2 0910 20.47 21.38 10.62 3933045
1 0911 58.53 121.48 20.57 4016081
1 0912 58.53 121.48 19.98 4017081
2 0912 20.46 21.34 12.58 3933895
2 0911 20.48 21.38 11.31 3933595
1 0913 58.51 121.48 17.94 4018081
2 0913 20.47 21.34 11.22 3934445
1 0914 58.51 121.48 16.92 4019081
2 0914 20.47 21.41 10.62 3934745
1 0915 58.52 121.48 15.90 4020081
2 0915 20.47 21.34 10.88 3935095
1 0916 58.53 121.48 18.36 4021081
1 0917 58.51 121.48 20.40 4022081
1 0918 58.52 121.48 19.72 4023081
1 0919 58.52 121.48 17.42 4024081
2 0916 20.47 21.38 10.12 3935395
2 0919 20.46 21.38 10.46 3936795
1 0920 58.52 121.48 16.58 4025081
2 0920 20.47 21.41 9.78 3937095
1 0921 58.52 121.48 15.73 4026081
2 0921 20.47 21.34 12.50 3937445
1 0922 58.51 121.48 18.36 4027081
2 0917 20.46 21.38 12.75 3935945
2 0922 20.48 21.34 11.82 3937745
1 0923 58.51 121.48 20.40 4028081
2 0923 20.47 21.34 11.82 3938295
1 0924 58.51 121.48 19.98 4029081
2 0918 20.46 21.34 12.07 3936245
2 0924 20.47 21.34 10.80 3938595
1 0925 58.51 121.48 18.02 4030081
2 0925 20.47 21.34 9.94 3939145
1 0926 58.51 121.48 16.74 4031081
2 0926 20.48 21.34 11.14 3939445
1 0927 58.52 121.48 15.98 4032081
2 0927 20.47 21.34 12.33 3939795
1 0928 58.52 121.48 18.28 4033081
2 0928 20.46 21.34 12.50 3940095
1 0929 58.51 121.48 20.23 4034081
1 0930 58.52 121.48 19.55 4035081
2 0930 20.46 21.34 9.94 3940945
2 0929 20.47 21.34 11.14 3940645
1 0931 58.51 121.48 18.36 4036081
2 0931 20.48 21.34 11.99 3941495
1 0932 58.51 121.48 17.17 4037081
2 0932 20.46 21.34 12.50 3941795
1 0933 58.52 121.48 15.47 4038081
2 0933 20.46 21.34 11.39 3942145
1 0934 58.51 121.48 18.19 4039081
2 0934 20.46 21.34 11.73 3942445
1 0935 58.52 121.48 20.06 4040081
2 0935 20.47 21.34 9.78 3942995
1 0936 58.51 121.48 19.80 4041081
2 0936 20.46 21.34 10.88 3943295
1 0937 58.51 121.48 17.94 4042081
2 0937 20.46 21.34 12.41 3943845
1 0938 58.50 121.48 16.49 4043081
2 0942 20.47 21.34 11.99 3945645
2 0938 20.48 21.34 12.07 3944145
1 0943 58.51 121.48 16.83 4048081
1 0939 58.52 121.48 16.24 4044081
2 0943 20.46 21.34 12.16 3946195
1 0944 58.52 121.48 16.24 4049081
2 0939 20.48 21.34 10.12 3944495
2 0944 20.46 21.34 11.39 3946495
1 0940 58.52 121.48 18.78 4045081
1 0945 58.51 121.48 17.34 4050081
2 0945 20.47 21.34 9.86 3946845
1 0946 58.51 121.48 19.04 4051081
2 0940 20.47 21.34 11.14 3944795
2 0946 20.48 21.34 9.60 3947145
1 0941 58.52 121.48 20.66 4046081
1 0947 58.52 121.48 20.83 4052081
2 0947 20.48 21.34 11.56 3947695
2 0941 20.48 21.31 10.54 3945345
1 0948 58.52 121.48 18.70 4053081
1 0942 58.51 121.48 18.96 4047081
2 0948 20.46 21.27 12.75 3947995
1 0949 58.52 121.48 16.49 4054081
2 0949 20.48 21.31 11.22 3948545
1 0950 58.51 121.48 16.06 4055081
2 0950 20.47 21.31 9.86 3948845
1 0951 58.54 121.48 17.08 4056081
2 0951 20.48 21.31 11.82 3949195
1 0952 58.51 121.48 19.30 4057081
2 0952 20.47 21.27 10.71 3949495
1 0953 58.52 121.48 20.74 4058081
2 0953 20.48 21.31 12.41 3949995
1 0954 58.51 121.48 18.28 4059081
2 0954 20.47 21.27 9.78 3950345
1 0955 58.52 121.48 16.49 4060081
2 0955 20.47 21.31 9.86 3950645
2 0956 20.47 21.27 11.56 3951195
1 0956 58.51 121.48 16.83 4061081
1 0957 58.51 121.48 17.60 4062081
2 0957 20.46 21.27 12.41 3951495
1 0958 58.52 121.48 18.87 4063081
2 0958 20.46 21.27 11.48 3952045
1 0959 58.52 121.48 20.74 4064081
2 0959 20.47 21.27 10.71 3952345
1 0960 58.51 121.48 19.72 4065081
2 0960 20.46 21.27 10.54 3952695
1 0961 58.51 121.48 16.83 4066081
2 0961 20.46 21.27 10.46 3952995
1 0962 58.51 121.48 16.06 4067081
2 0962 20.46 21.27 12.07 3953545
1 0963 58.51 121.48 18.44 4068081
2 0963 20.47 21.27 12.84 3953845
1 0964 58.52 121.48 19.55 4069081
2 0964 20.48 21.27 10.80 3954395
1 0965 58.51 121.48 19.98 4070081
2 0965 20.47 21.27 10.28 3954695
2 0966 20.47 21.27 11.56 3955045
1 0967 58.51 121.48 15.81 4072081
2 0967 20.47 21.27 10.20 3955345
1 0966 58.51 121.48 18.10 4071081
2 0968 20.46 21.27 12.75 3955895
2 0969 20.46 21.27 11.48 3956195
1 0968 58.52 121.48 16.24 4073081
1 0970 58.51 121.48 19.98 4075081
2 0970 20.47 21.27 10.03 3956745
1 0971 58.51 121.48 17.85 4076082
2 0971 20.46 21.27 9.94 3957045
1 0969 58.51 121.48 19.98 4074081
1 0972 58.51 121.48 16.49 4077081
2 0972 20.47 21.27 12.67 3957395
1 0973 58.51 121.48 17.26 4078081
2 0973 20.47 21.27 11.90 3957695
1 0974 58.51 121.48 19.30 4079081
2 0974 20.47 21.27 11.48 3958245
2 0975 20.46 21.27 10.62 3958545
1 0976 58.51 121.48 17.51 4081081
1 0975 58.53 121.48 20.23 4080081
2 0976 20.47 21.27 10.54 3959095
1 0977 58.52 121.48 17.51 4082081
2 0977 20.47 21.27 11.65 3959395
1 0978 58.52 121.48 19.55 4083081
2 0978 20.46 21.27 10.54 3959745
1 0979 58.52 121.48 19.64 4084081
2 0979 20.48 21.27 12.50 3960245
1 0980 58.53 121.48 17.60 4085081
2 0980 20.46 21.27 10.88 3960595
2 0981 20.48 21.27 9.78 3960895
1 0981 58.52 121.48 15.47 4086081
1 0982 58.53 121.48 19.21 4087081
1 0983 58.52 121.48 20.49 4088081
2 0983 20.46 21.27 10.54 3961745
2 0982 20.46 21.27 12.16 3961395
1 0984 58.52 121.48 17.68 4089081
2 0984 20.46 21.27 10.88 3962045
1 0985 58.52 121.48 16.58 4090081
2 0985 20.47 21.27 10.71 3962595
1 0986 58.52 121.48 18.28 4091081
2 0986 20.46 21.27 12.24 3962895
1 0987 58.51 121.48 19.80 4092081
1 0988 58.53 121.48 19.98 4093081
2 0988 20.46 21.27 11.31 3963745
2 0987 20.48 21.27 11.99 3963445
1 0989 58.51 121.48 17.60 4094081
2 0989 20.47 21.31 10.28 3964095
1 0990 58.51 121.48 15.22 4095081
2 0990 20.46 21.34 9.44 3964395
1 0991 58.52 121.48 17.34 4096081
2 0991 20.46 21.27 12.41 3964945
1 0992 58.53 121.48 20.06 4097081
2 0992 20.47 21.27 12.24 3965245
1 0993 58.52 121.48 19.80 4098081
2 0993 20.47 21.31 10.62 3965795
2 0994 20.47 21.27 9.86 3966095
1 0995 58.52 121.48 16.06 4100081
2 0995 20.48 21.34 11.90 3966445
1 0994 58.51 121.48 17.94 4099081
1 0996 58.53 121.48 17.60 4101081
2 0996 20.44 21.55 10.03 4150495
1 0997 58.52 121.48 20.40 4102081
2 0997 20.45 21.55 9.78 4150795
1 0998 58.52 121.48 18.62 4103081
2 0998 20.44 21.55 12.33 4151145
1 0999 58.52 121.48 16.06 4104081
2 0999 20.45 21.55 12.24 4151445
2 1000 20.45 21.55 11.39 4151995
1 1000 58.52 121.48 17.26 4105081
