1 0001 59.11 121.48 17.85 2087081
2 0001 20.90 22.45 11.14 2104445
2 0002 20.89 22.45 12.67 2104745
1 0003 59.10 121.48 19.64 2089081
2 0003 20.90 22.45 11.56 2105295
1 0004 59.11 121.48 17.51 2090081
2 0004 20.88 22.45 11.39 2105595
1 0005 59.10 121.48 15.56 2091081
1 0002 59.12 121.48 19.80 2088081
2 0005 20.88 22.45 10.28 2106145
1 0006 59.10 121.48 17.76 2092081
2 0006 20.90 22.45 10.71 2106445
1 0007 59.11 121.48 19.72 2093081
1 0008 59.11 121.48 19.55 2094081
1 0009 59.10 121.48 18.87 2095081
2 0009 20.90 22.38 9.86 2107645
1 0010 59.12 121.48 16.24 2096081
1 0011 59.11 121.48 15.98 2097081
1 0012 59.11 121.48 18.28 2098081
1 0013 59.11 121.48 20.57 2099081
2 0014 20.89 22.34 10.71 2109445
2 0007 20.90 22.45 10.12 2106795
2 0015 20.89 22.31 12.58 2109995
1 0016 59.12 121.48 16.32 2102081
2 0008 20.89 22.38 10.46 2107095
2 0016 20.89 22.31 12.24 2110295
1 0017 59.11 121.48 18.28 2103081
2 0017 20.89 22.24 12.58 2110845
1 0014 59.11 121.48 19.38 2100081
1 0018 59.13 121.48 19.30 2104081
2 0010 20.89 22.38 9.78 2107945
2 0018 20.88 22.28 12.41 2111145
1 0019 59.12 121.48 19.80 2105081
2 0019 20.89 22.24 11.39 2111495
2 0011 20.88 22.34 11.14 2108495
2 0020 20.90 22.24 12.67 2111795
1 0021 59.13 121.48 15.30 2107081
1 0015 59.12 121.48 17.26 2101081
2 0021 20.90 22.21 10.88 2112345
2 0012 20.89 22.38 10.88 2108795
2 0022 20.89 22.17 11.39 2112645
1 0023 59.12 121.48 20.15 2109081
1 0020 59.12 121.48 18.87 2106081
2 0023 20.90 22.17 9.60 2113195
1 0024 59.11 121.48 20.06 2110081
2 0024 20.89 22.17 10.12 2113495
2 0013 20.89 22.38 11.99 2109145
1 0025 59.13 121.48 17.42 2111081
1 0022 59.12 121.48 17.34 2108081
2 0025 20.90 22.17 10.97 2113845
1 0026 59.12 121.48 16.58 2112081
2 0026 20.90 22.14 9.52 2114145
1 0027 59.12 121.48 18.70 2113081
2 0027 20.89 22.10 11.65 2114695
1 0028 59.13 121.48 19.72 2114081
2 0028 20.89 22.10 11.22 2114995
1 0029 59.13 121.48 18.62 2115081
2 0029 20.88 22.10 12.58 2115545
1 0030 59.14 121.48 16.24 2116081
2 0030 20.88 22.10 11.99 2115845
1 0031 59.13 121.48 16.66 2117081
1 0032 59.13 121.48 19.04 2118081
2 0031 20.89 22.10 12.41 2116195
1 0034 59.14 121.48 19.38 2120081
2 0034 20.88 22.10 12.16 2117345
1 0033 59.14 121.48 20.66 2119081
1 0035 59.14 121.48 18.44 2121081
1 0036 59.14 121.48 16.32 2122081
2 0032 20.88 22.10 12.41 2116495
1 0037 59.14 121.48 16.06 2123081
1 0038 59.13 121.48 18.44 2124081
2 0038 20.89 22.03 10.54 2118845
2 0033 20.90 22.10 11.90 2117045
1 0039 59.14 121.48 20.06 2125081
2 0039 20.88 22.07 10.12 2119395
1 0041 59.13 121.48 19.72 2127081
2 0035 20.89 22.03 10.46 2117895
2 0041 20.90 22.07 12.07 2120245
1 0040 59.13 121.48 19.64 2126081
1 0042 59.14 121.48 17.68 2128081
1 0043 59.13 121.48 15.56 2129081
2 0036 20.89 22.03 10.97 2118195
2 0043 20.90 22.03 12.67 2120896
2 0037 20.90 22.03 9.60 2118545
1 0044 59.14 121.48 16.74 2130081
2 0044 20.89 22.03 11.90 2121195
1 0045 59.13 121.48 17.76 2131081
2 0045 20.88 22.03 12.16 2121745
2 0046 20.89 22.10 12.84 2122045
2 0047 20.90 22.10 11.05 2122595
1 0048 59.14 121.48 18.44 2134081
1 0046 59.14 121.48 19.64 2132081
2 0048 20.88 22.10 11.99 2122895
1 0049 59.14 121.48 15.81 2135081
2 0049 20.88 22.10 9.94 2123245
2 0040 20.88 22.07 9.69 2119695
1 0050 59.14 121.48 17.17 2136081
1 0047 59.13 121.48 20.23 2133081
2 0050 20.88 22.10 11.31 2123545
1 0051 59.13 121.48 18.44 2137081
2 0042 20.89 22.03 11.22 2120547
2 0051 20.88 22.10 10.12 2124095
1 0052 59.13 121.48 20.06 2138081
2 0052 20.88 22.07 9.60 2124395
1 0053 59.14 121.48 20.32 2139081
2 0053 20.88 22.07 10.80 2124945
2 0055 20.90 22.03 12.24 2125595
1 0054 59.13 121.48 17.08 2140081
1 0056 59.15 121.48 18.02 2142081
2 0056 20.88 22.03 10.46 2125895
1 0057 59.14 121.48 19.64 2143081
2 0054 20.88 22.03 9.78 2125245
2 0057 20.88 22.03 11.82 2126445
1 0058 59.14 121.48 20.23 2144081
2 0058 20.88 22.03 12.33 2126745
1 0059 59.14 121.48 17.94 2145081
2 0059 20.88 22.03 12.24 2127295
1 0060 59.14 121.48 15.90 2146081
1 0055 59.14 121.48 16.32 2141081
2 0060 20.88 22.03 12.67 2127595
1 0061 59.13 121.48 18.36 2147081
2 0061 20.90 21.96 11.48 2127945
1 0062 59.14 121.48 19.72 2148081
2 0062 20.90 22.00 12.33 2128245
2 0063 20.90 22.00 11.73 2128795
1 0063 59.15 121.48 19.38 2149081
1 0064 59.15 121.48 17.85 2150081
1 0065 59.14 121.48 15.39 2151081
2 0064 20.89 21.96 11.05 2129095
2 0065 20.89 21.96 10.37 2129645
2 0066 20.90 21.96 9.78 2129945
1 0066 59.13 121.48 17.17 2152081
1 0067 59.15 121.48 19.04 2153081
2 0067 20.90 21.96 11.05 2130295
2 0068 20.88 21.96 10.03 2130595
1 0068 59.14 121.48 19.89 2154081
2 0069 20.89 21.96 11.39 2131145
1 0069 59.13 121.48 19.46 2155081
1 0070 59.14 121.48 18.62 2156081
2 0070 20.88 21.96 12.16 2131445
2 0071 20.88 22.00 12.16 2131995
1 0072 59.14 121.48 17.34 2158081
1 0071 59.14 121.48 15.39 2157081
1 0073 59.13 121.48 16.06 2159581
2 0073 20.89 22.00 10.80 2132645
2 0072 20.88 22.00 12.84 2132295
1 0075 59.13 121.48 18.19 2161581
1 0074 59.14 121.48 15.64 2160581
2 0075 20.89 22.03 10.97 2133495
1 0076 59.14 121.48 19.21 2162581
2 0076 20.88 22.03 10.28 2133795
1 0077 59.14 121.48 19.64 2163581
2 0077 20.89 22.03 10.03 2134345
1 0078 59.14 121.48 18.70 2164581
2 0078 20.89 22.03 9.52 2134645
2 0074 20.88 22.03 12.24 2132945
2 0079 20.88 22.07 11.90 2134995
1 0080 59.13 121.48 16.83 2166581
2 0080 20.88 22.10 10.28 2135295
1 0079 59.14 121.48 15.56 2165581
1 0081 59.13 121.48 18.70 2167581
2 0081 20.89 22.10 11.90 2135845
2 0082 20.88 22.10 12.50 2136145
1 0083 59.13 121.48 20.23 2169581
1 0082 59.13 121.48 19.12 2168581
2 0083 20.89 22.10 12.07 2136695
1 0084 59.13 121.48 20.32 2170581
2 0084 20.89 22.10 12.67 2136995
1 0085 59.13 121.48 18.62 2171581
2 0085 20.89 22.10 10.97 2137345
2 0086 20.88 22.17 12.07 2137645
1 0087 59.14 121.48 16.15 2173581
1 0086 59.14 121.48 17.00 2172581
2 0087 20.88 22.17 10.71 2138195
2 0088 20.88 22.17 9.94 2138495
1 0089 59.14 121.48 17.26 2175581
1 0088 59.14 121.48 16.06 2174581
2 0089 20.89 22.17 10.12 2139045
1 0090 59.13 121.48 19.80 2176581
2 0090 20.88 22.17 9.69 2139345
1 0091 59.13 121.48 20.15 2177581
2 0091 20.89 22.17 12.16 2139695
1 0093 59.12 121.48 19.98 2180081
1 0092 59.13 121.48 18.96 2178581
2 0093 20.89 22.17 11.73 2140545
2 0092 20.89 22.17 9.86 2139995
2 0094 20.88 22.17 11.82 2140845
1 0095 59.15 121.48 18.87 2182081
1 0094 59.13 121.48 19.89 2181081
2 0095 20.88 22.24 12.16 2141395
1 0096 59.13 121.48 19.38 2183081
1 0097 59.13 121.48 15.98 2184081
2 0096 20.88 22.21 10.28 2141745
2 0097 20.89 22.24 11.56 2142295
1 0098 59.11 121.48 17.76 2185081
2 0098 20.89 22.24 11.82 2142595
1 0099 59.14 121.48 20.23 2186081
1 0100 59.14 121.48 19.98 2187081
2 0099 20.89 22.24 12.33 2142945
2 0100 20.89 22.24 11.82 2143245
1 0101 59.14 121.48 18.62 2188081
1 0102 59.13 121.48 16.40 2189081
2 0101 20.89 22.24 12.67 2143795
1 0103 59.14 121.48 16.49 2190081
1 0104 59.13 121.48 17.94 2191081
2 0103 20.90 22.24 11.65 2144645
2 0102 20.88 22.24 12.41 2144095
1 0105 59.13 121.48 20.49 2192081
1 0106 59.13 121.48 20.32 2193081
2 0104 20.89 22.24 11.90 2144945
2 0106 20.88 22.24 11.56 2145595
2 0107 20.88 22.24 9.94 2146145
2 0105 20.90 22.24 10.54 2145295
1 0108 59.13 121.48 16.24 2195081
1 0107 59.13 121.48 18.36 2194081
2 0108 20.89 22.24 9.86 2146445
1 0109 59.13 121.48 16.74 2196081
1 0110 59.14 121.48 18.28 2197081
2 0109 20.90 22.24 10.28 2146995
2 0110 20.89 22.24 9.78 2147295
1 0111 59.13 121.48 20.74 2198081
2 0111 20.88 22.24 11.82 2147645
1 0112 59.14 121.48 19.21 2199081
1 0113 59.12 121.48 15.98 2200081
2 0113 20.88 22.24 12.41 2148495
2 0112 20.88 22.28 10.46 2147945
1 0114 59.11 121.48 17.17 2201081
1 0115 59.13 121.48 18.62 2202081
2 0115 20.88 22.31 12.58 2149345
1 0118 59.13 121.48 18.96 2205081
2 0114 20.88 22.24 12.33 2148795
1 0119 59.13 121.48 16.40 2206081
1 0116 59.15 121.48 19.80 2203081
1 0120 59.13 121.48 16.24 2207081
2 0120 20.88 22.31 10.54 2151145
1 0121 59.13 121.48 17.60 2208081
1 0117 59.15 121.48 20.23 2204081
2 0121 20.89 22.28 9.78 2151695
1 0122 59.14 121.48 18.87 2209081
2 0122 20.88 22.31 9.86 2151995
1 0123 59.14 121.48 20.91 2210081
1 0124 59.13 121.48 19.64 2211081
2 0124 20.90 22.31 10.03 2152645
2 0116 20.89 22.31 12.84 2149645
2 0125 20.89 22.24 11.31 2153195
1 0126 59.12 121.48 16.15 2213081
2 0117 20.89 22.31 11.14 2149995
2 0126 20.89 22.28 11.73 2153495
1 0127 59.13 121.48 16.49 2214081
2 0127 20.89 22.24 12.41 2154045
2 0118 20.89 22.31 12.16 2150295
2 0128 20.90 22.24 12.75 2154345
1 0129 59.14 121.48 20.23 2216081
1 0125 59.13 121.48 18.19 2212081
2 0129 20.89 22.24 12.24 2154695
2 0119 20.89 22.31 10.20 2150845
1 0128 59.13 121.48 17.60 2215081
2 0130 20.89 22.24 12.16 2154995
1 0131 59.13 121.48 18.53 2218081
2 0123 20.89 22.31 10.71 2152345
2 0131 20.89 22.24 11.82 2155545
1 0132 59.11 121.48 17.08 2219081
2 0132 20.88 22.21 11.56 2155845
1 0133 59.12 121.48 15.73 2220081
2 0133 20.90 22.17 10.37 2156395
1 0134 59.12 121.48 18.53 2221081
2 0134 20.88 22.17 10.62 2156695
1 0130 59.13 121.48 19.98 2217081
1 0135 59.13 121.48 20.66 2222081
2 0135 20.88 22.14 9.78 2157045
2 0136 20.88 22.10 10.97 2157345
1 0137 59.12 121.48 16.66 2224081
1 0136 59.12 121.48 18.62 2223081
2 0137 20.88 22.07 9.78 2157895
1 0138 59.13 121.48 16.58 2225081
2 0138 20.88 22.03 10.12 2158195
1 0139 59.13 121.48 17.17 2226081
2 0139 20.89 22.03 11.39 2158745
1 0140 59.13 121.48 19.72 2227081
2 0140 20.88 21.96 11.39 2159045
1 0141 59.12 121.48 20.23 2228081
2 0141 20.89 21.96 12.24 2159395
1 0142 59.11 121.48 18.53 2229081
2 0142 20.89 21.96 10.46 2159695
1 0143 59.12 121.48 16.66 2230081
2 0143 20.89 21.90 12.07 2160245
1 0144 59.12 121.48 16.66 2231081
2 0144 20.88 21.93 12.16 2160545
1 0145 59.12 121.48 17.85 2232081
1 0146 59.13 121.48 20.66 2233081
2 0145 20.89 21.90 12.50 2161095
1 0147 59.13 121.48 19.30 2234081
2 0147 20.89 21.90 11.14 2161745
2 0146 20.89 21.90 12.50 2161395
2 0148 20.90 21.90 12.67 2162045
1 0149 59.11 121.48 16.58 2236081
2 0149 20.88 21.90 10.80 2162595
2 0150 20.88 21.90 11.22 2162895
1 0151 59.13 121.48 19.98 2238081
1 0148 59.11 121.48 16.49 2235081
2 0151 20.89 21.86 9.69 2163445
1 0152 59.11 121.48 19.89 2239081
2 0152 20.88 21.83 10.62 2163745
1 0153 59.13 121.48 17.34 2240081
1 0150 59.12 121.48 18.53 2237081
2 0153 20.88 21.83 10.12 2164095
1 0154 59.12 121.48 15.47 2241081
2 0154 20.89 21.86 9.94 2164395
1 0155 59.12 121.48 17.42 2242081
2 0155 20.89 21.90 10.80 2164945
1 0156 59.12 121.48 20.40 2243081
2 0156 20.89 21.90 10.62 2165245
1 0157 59.12 121.48 19.21 2244081
2 0157 20.89 21.90 12.33 2165795
2 0158 20.90 21.86 11.73 2166095
1 0159 59.12 121.48 16.49 2246081
2 0159 20.89 21.90 10.37 2166445
1 0160 59.13 121.48 18.19 2247081
1 0161 59.11 121.48 20.66 2248081
2 0161 20.88 21.90 11.05 2167295
2 0160 20.88 21.90 12.50 2166945
1 0162 59.11 121.48 18.87 2249081
1 0158 59.12 121.48 17.42 2245081
2 0162 20.88 21.90 12.41 2167595
1 0163 59.12 121.48 15.98 2250081
2 0163 20.88 21.90 10.28 2168145
2 0165 20.88 21.90 10.03 2168995
1 0166 59.12 121.48 20.23 2253081
1 0164 59.11 121.48 16.58 2251081
2 0166 20.88 21.93 9.94 2169295
2 0164 20.88 21.93 10.46 2168445
1 0167 59.12 121.48 19.89 2254081
1 0165 59.12 121.48 17.85 2252081
2 0167 20.87 21.90 11.56 2169645
1 0168 59.11 121.48 16.06 2255081
2 0168 20.88 21.90 11.39 2169945
1 0169 59.11 121.48 15.13 2256081
2 0169 20.89 21.90 11.99 2170495
1 0170 59.10 121.48 16.74 2257581
2 0170 20.87 21.90 11.90 2170795
1 0171 59.12 121.48 16.06 2258581
1 0172 59.11 121.48 17.94 2259581
2 0172 20.89 21.90 12.33 2171645
1 0173 59.10 121.48 19.64 2260581
2 0171 20.88 21.90 12.75 2171345
1 0174 59.11 121.48 19.89 2261581
2 0173 20.88 21.90 11.31 2171995
1 0175 59.12 121.48 17.34 2262581
2 0175 20.89 21.90 10.88 2172845
2 0176 20.88 21.90 11.05 2173145
2 0174 20.89 21.90 12.75 2172295
1 0177 59.11 121.48 18.70 2264581
2 0177 20.89 21.93 9.69 2173695
1 0178 59.11 121.48 20.23 2265581
2 0178 20.88 21.90 9.94 2173995
2 0179 20.89 21.96 11.22 2174345
1 0180 59.09 121.48 16.40 2267581
2 0180 20.89 21.96 9.52 2174645
1 0181 59.10 121.48 18.70 2269081
1 0176 59.11 121.48 15.64 2263581
2 0181 20.88 22.00 11.65 2175195
1 0182 59.10 121.48 16.83 2270081
2 0182 20.88 21.96 12.07 2175495
1 0179 59.11 121.48 18.78 2266581
1 0183 59.12 121.48 15.64 2271081
2 0183 20.88 22.03 12.50 2176045
2 0184 20.88 22.03 12.07 2176345
1 0185 59.09 121.48 19.30 2274081
1 0184 59.09 121.48 20.57 2273081
2 0185 20.88 22.03 11.90 2176695
1 0186 59.10 121.48 17.00 2275081
1 0187 59.09 121.48 16.40 2276081
2 0186 20.89 22.03 12.75 2176995
2 0188 20.88 22.10 11.31 2177845
1 0188 59.11 121.48 18.10 2277081
1 0189 59.10 121.48 20.66 2278081
1 0190 59.11 121.48 19.72 2279081
2 0191 20.88 22.14 10.46 2179045
2 0187 20.88 22.10 11.39 2177545
1 0192 59.10 121.48 17.60 2281081
2 0192 20.88 22.10 9.94 2179345
1 0193 59.11 121.48 19.64 2282081
1 0191 59.11 121.48 15.64 2280081
2 0193 20.89 22.10 10.46 2179895
2 0189 20.88 22.10 10.03 2178395
1 0194 59.09 121.48 17.85 2283581
1 0195 59.09 121.48 20.40 2284581
1 0196 59.09 121.48 19.04 2285581
2 0190 20.88 22.10 10.80 2178695
2 0196 20.88 22.14 9.86 2181095
1 0197 59.10 121.48 16.32 2286581
1 0198 59.11 121.48 17.42 2287581
2 0194 20.88 22.10 10.71 2180195
2 0198 20.89 22.10 9.78 2181945
2 0195 20.89 22.14 12.07 2180745
1 0199 59.10 121.48 19.80 2288581
2 0199 20.88 22.14 11.56 2182295
1 0200 59.11 121.48 19.98 2289581
2 0200 20.88 22.10 9.86 2182595
2 0197 20.88 22.14 10.03 2181645
2 0201 20.89 22.14 12.07 2183145
1 0202 59.11 121.48 16.74 2291581
1 0201 59.10 121.48 15.81 2290581
2 0202 20.88 22.10 11.90 2183445
1 0203 59.11 121.48 20.06 2292581
2 0203 20.88 22.10 12.50 2183995
1 0204 59.10 121.48 19.89 2293581
2 0204 20.88 22.10 12.24 2184295
1 0205 59.11 121.48 16.92 2294581
2 0205 20.88 22.10 12.41 2184645
1 0206 59.11 121.48 16.49 2295581
1 0207 59.11 121.48 18.62 2296581
2 0207 20.88 22.10 11.99 2185495
1 0208 59.11 121.48 19.89 2297581
2 0208 20.87 22.10 11.90 2185795
2 0209 20.88 22.03 10.80 2186345
2 0206 20.88 22.10 12.16 2184945
1 0210 59.09 121.48 15.98 2299581
1 0209 59.10 121.48 18.36 2298581
2 0210 20.88 22.07 11.22 2186645
1 0211 59.09 121.48 17.42 2301081
2 0211 20.88 22.03 9.60 2186995
1 0212 59.10 121.48 15.73 2302081
2 0212 20.88 22.03 11.05 2187295
1 0213 59.11 121.48 17.76 2303081
2 0213 20.88 22.03 9.94 2187845
1 0214 59.09 121.48 19.89 2304081
1 0215 59.11 121.48 19.38 2305081
1 0216 59.11 121.48 17.08 2306081
2 0216 20.87 21.96 11.31 2188995
2 0214 20.87 22.03 9.86 2188145
1 0217 59.11 121.48 17.08 2307081
1 0219 59.10 121.48 19.38 2309081
1 0218 59.11 121.48 19.55 2308081
2 0219 20.88 22.00 12.41 2190195
2 0215 20.88 22.03 11.82 2188695
1 0220 59.11 121.48 16.15 2310081
2 0220 20.88 21.96 12.58 2190495
1 0221 59.11 121.48 17.26 2311081
2 0221 20.88 22.03 11.56 2191045
2 0222 20.89 22.03 12.24 2191345
1 0222 59.10 121.48 19.89 2312081
1 0223 59.11 121.48 18.62 2313081
2 0217 20.88 22.00 12.67 2189345
2 0223 20.89 22.03 10.37 2191695
2 0218 20.88 21.96 11.56 2189645
2 0224 20.89 22.03 11.90 2191995
1 0225 59.10 121.48 18.44 2315081
1 0224 59.10 121.48 15.98 2314081
2 0225 20.88 22.03 10.71 2192545
1 0226 59.09 121.48 20.40 2316081
2 0226 20.88 22.03 10.20 2192845
1 0227 59.09 121.48 18.70 2317081
1 0228 59.11 121.48 15.56 2318081
2 0228 20.88 22.03 9.44 2193695
2 0227 20.88 22.03 10.03 2193395
1 0229 59.10 121.48 18.19 2319081
1 0230 59.10 121.48 20.74 2320081
2 0230 20.88 22.03 9.44 2194345
2 0229 20.88 22.03 11.65 2194045
2 0232 20.88 22.03 11.65 2195195
1 0233 59.09 121.48 17.94 2323081
2 0231 20.89 22.03 11.48 2194895
2 0233 20.88 22.03 12.07 2195745
1 0234 59.09 121.48 20.57 2324081
2 0234 20.88 22.03 12.16 2196045
1 0235 59.08 121.48 17.85 2325581
2 0235 20.88 22.03 12.07 2196395
1 0236 59.08 121.48 20.49 2326581
1 0231 59.11 121.48 18.36 2321083
2 0236 20.88 22.03 11.99 2196695
2 0237 20.88 22.03 12.41 2197245
1 0238 59.09 121.48 16.66 2328581
1 0232 59.09 121.48 15.47 2322081
2 0238 20.88 22.03 12.07 2197545
1 0239 59.09 121.48 17.17 2329581
1 0240 59.08 121.48 20.57 2330581
2 0239 20.88 22.03 11.22 2198095
2 0240 20.89 22.03 11.31 2198395
1 0241 59.09 121.48 18.87 2331581
2 0241 20.88 22.03 10.03 2198745
1 0242 59.09 121.48 16.66 2332581
2 0242 20.88 22.03 11.48 2199045
1 0243 59.09 121.48 16.32 2333581
1 0237 59.09 121.48 19.64 2327581
2 0243 20.89 22.03 9.78 2199595
1 0244 59.08 121.48 17.94 2334581
2 0244 20.87 22.03 10.03 2199895
1 0245 59.08 121.48 19.21 2335581
1 0246 59.07 121.48 20.66 2336581
2 0246 20.88 22.00 9.78 2200745
2 0245 20.88 22.00 9.94 2200445
1 0247 59.09 121.48 19.55 2337581
1 0248 59.08 121.48 16.92 2338581
1 0249 59.09 121.48 15.64 2339581
2 0247 20.88 21.96 11.65 2201095
2 0249 20.88 21.96 12.24 2201945
1 0250 59.09 121.48 17.76 2340581
2 0250 20.87 21.96 11.82 2202245
1 0252 59.09 121.48 19.12 2342581
1 0251 59.08 121.48 19.64 2341581
1 0253 59.08 121.48 16.74 2343581
1 0254 59.09 121.48 16.74 2344581
1 0255 59.09 121.48 18.87 2345581
1 0256 59.09 121.48 20.49 2346581
2 0256 20.86 21.86 10.97 2204645
1 0257 59.09 121.48 19.04 2347581
2 0257 20.88 21.86 11.99 2205195
2 0248 20.88 21.96 9.86 2201395
1 0259 59.08 121.48 17.85 2349581
2 0251 20.90 21.90 12.75 2202795
2 0259 20.88 21.83 12.33 2205845
1 0258 59.09 121.48 15.39 2348581
2 0260 20.88 21.83 11.73 2206145
2 0252 20.88 21.90 12.07 2203095
1 0261 59.08 121.48 19.21 2351581
1 0260 59.09 121.48 19.98 2350581
2 0261 20.88 21.83 12.58 2206695
1 0262 59.09 121.48 17.34 2352582
2 0262 20.88 21.83 12.16 2206995
2 0253 20.88 21.90 11.05 2203445
1 0263 59.08 121.48 16.24 2353581
2 0263 20.88 21.83 11.48 2207545
1 0264 59.09 121.48 17.17 2354581
2 0264 20.88 21.79 11.48 2207845
2 0254 20.89 21.90 11.82 2203745
2 0265 20.88 21.79 10.46 2208195
1 0266 59.07 121.48 20.32 2356583
1 0265 59.08 121.48 19.72 2355581
2 0266 20.88 21.83 12.41 2208495
2 0267 20.89 21.79 9.94 2209045
1 0268 58.98 121.48 15.90 1854081
2 0255 20.89 21.90 11.14 2204295
2 0268 20.87 21.76 10.20 2209345
1 0269 58.99 121.48 15.64 1855081
1 0267 58.99 121.48 16.40 1853081
1 0270 58.99 121.48 16.74 1856081
2 0258 20.88 21.83 12.07 2205495
1 0272 58.99 121.48 19.55 1858081
2 0269 20.89 21.76 9.60 2209895
2 0272 20.88 21.76 9.52 2210845
1 0273 59.01 121.48 20.06 1859081
2 0273 20.89 21.76 11.73 2211395
1 0274 59.00 121.48 19.80 1860081
2 0270 20.88 21.76 10.12 2210195
1 0275 58.99 121.48 16.83 1861081
2 0275 20.88 21.76 12.58 2212245
2 0271 20.88 21.76 10.88 2210545
2 0276 20.88 21.76 11.65 2212545
1 0277 58.99 121.48 16.92 1863081
1 0271 58.99 121.48 18.87 1857081
2 0277 20.88 21.76 12.24 2212895
2 0274 20.88 21.76 11.48 2211695
2 0278 20.88 21.76 12.50 2213195
1 0279 59.02 121.48 20.15 1865081
2 0279 20.87 21.76 11.99 2213745
1 0280 59.01 121.48 19.89 1866081
2 0280 20.88 21.76 12.24 2214045
1 0281 59.01 121.48 18.10 1867081
2 0281 20.88 21.83 10.88 2214595
1 0282 59.01 121.48 15.98 1868081
2 0282 20.87 21.76 11.73 2214895
1 0276 58.99 121.48 15.56 1862081
1 0283 59.00 121.48 16.58 1869081
2 0283 20.88 21.76 9.69 2215245
1 0284 59.01 121.48 18.10 1870081
2 0284 20.88 21.83 11.05 2215545
1 0278 59.01 121.48 18.62 1864081
2 0285 20.89 21.83 10.20 2216095
1 0286 59.01 121.48 19.98 1872081
2 0286 20.88 21.83 9.35 2216395
1 0287 59.02 121.48 16.92 1873081
2 0287 20.88 21.83 10.28 2216945
1 0285 59.01 121.48 19.98 1871081
1 0288 59.01 121.48 15.22 1874081
2 0289 20.87 21.83 11.99 2217595
2 0288 20.88 21.83 9.60 2217245
2 0290 20.88 21.83 10.37 2217895
1 0291 59.02 121.48 19.72 1877081
1 0289 59.02 121.48 17.34 1875081
2 0291 20.88 21.83 11.90 2218445
1 0292 59.02 121.48 19.30 1878081
1 0290 59.01 121.48 19.46 1876081
1 0293 59.02 121.48 15.90 1879081
1 0294 59.01 121.48 16.58 1880081
2 0294 20.88 21.90 12.58 2219595
2 0295 20.87 21.90 11.39 2219945
1 0296 59.01 121.48 20.49 1882081
2 0292 20.86 21.86 11.99 2218745
2 0296 20.88 21.90 12.33 2220245
1 0297 59.01 121.48 18.78 1883081
1 0295 59.01 121.48 19.55 1881081
2 0297 20.88 21.90 11.39 2220795
2 0293 20.88 21.90 12.58 2219295
2 0298 20.87 21.90 11.22 2221095
1 0299 59.03 121.48 16.32 1885081
1 0298 59.02 121.48 16.83 1884081
2 0299 20.88 21.90 10.12 2221645
1 0300 59.03 121.48 17.60 1886081
2 0300 20.87 21.90 10.46 2221945
1 0301 59.02 121.48 19.55 1887081
1 0302 59.03 121.48 20.40 1888081
2 0301 20.88 21.90 9.60 2222295
1 0303 59.03 121.48 18.70 1889081
2 0302 20.88 21.90 10.46 2222595
2 0304 20.86 21.90 9.86 2223445
1 0305 59.03 121.48 16.24 1891081
2 0303 20.88 21.90 10.12 2223145
2 0305 20.88 21.90 11.65 2223995
1 0306 59.03 121.48 17.17 1892081
2 0306 20.88 21.90 10.62 2224295
1 0304 59.03 121.48 16.32 1890081
1 0307 59.04 121.48 19.55 1893081
2 0307 20.88 21.90 12.33 2224645
2 0308 20.87 21.90 10.20 2224945
2 0309 20.88 21.96 11.99 2225495
1 0310 59.04 121.48 15.47 1896081
1 0311 59.02 121.48 18.02 1897081
1 0312 59.03 121.48 19.55 1898081
1 0308 59.03 121.48 20.32 1894081
2 0312 20.88 22.00 12.58 2226645
1 0309 59.04 121.48 17.76 1895081
2 0314 20.88 22.03 12.07 2227295
1 0315 59.03 121.48 15.90 1901081
2 0310 20.88 21.96 12.16 2225795
2 0315 20.88 22.10 11.73 2227845
1 0317 59.03 121.48 19.38 1903081
2 0311 20.87 21.96 12.24 2226345
2 0317 20.87 22.14 10.62 2228695
1 0313 59.03 121.48 19.80 1899081
1 0318 59.05 121.48 19.89 1904081
2 0313 20.86 22.00 11.22 2226995
2 0318 20.88 22.10 10.71 2228995
1 0314 59.03 121.48 19.21 1900081
1 0319 59.03 121.48 16.83 1905081
2 0319 20.87 22.17 9.86 2229345
2 0316 20.87 22.10 11.48 2228145
2 0320 20.87 22.21 11.14 2229645
1 0316 59.03 121.48 16.24 1902081
1 0321 59.04 121.48 18.53 1907081
2 0321 20.88 22.24 9.26 2230196
1 0320 59.04 121.48 16.24 1906081
2 0322 20.88 22.24 10.20 2230495
1 0323 59.03 121.48 18.96 1909081
1 0324 59.04 121.48 15.81 1910081
1 0322 59.03 121.48 19.98 1908081
2 0324 20.88 22.31 10.54 2231345
1 0325 59.04 121.48 18.19 1911081
2 0323 20.87 22.31 10.03 2231045
2 0325 20.88 22.31 11.90 2231695
1 0326 59.05 121.48 20.49 1912081
1 0327 59.05 121.48 17.94 1913081
2 0327 20.87 22.31 12.41 2232545
2 0326 20.87 22.31 10.54 2231995
2 0328 20.87 22.38 12.16 2232845
1 0329 59.05 121.48 19.98 1915081
1 0328 59.05 121.48 16.40 1914081
2 0329 20.88 22.38 12.58 2233395
1 0330 59.05 121.48 19.04 1916081
1 0331 59.04 121.48 15.30 1917081
2 0330 20.88 22.38 12.24 2233695
1 0332 59.06 121.48 18.44 1918081
1 0333 59.05 121.48 19.98 1919081
2 0333 20.87 22.38 10.97 2234895
1 0334 59.05 121.48 18.87 1920081
2 0334 20.87 22.38 11.14 2235195
2 0335 20.87 22.38 9.69 2235745
1 0336 59.05 121.48 18.78 1922081
2 0331 20.88 22.38 10.88 2234045
2 0336 20.88 22.38 10.37 2236045
1 0335 59.05 121.48 15.98 1921081
1 0337 59.06 121.48 20.23 1923081
2 0332 20.88 22.38 12.58 2234345
2 0337 20.88 22.34 10.54 2236395
2 0338 20.88 22.38 10.12 2236695
1 0338 59.06 121.48 16.15 1924081
2 0339 20.88 22.38 10.54 2237245
1 0340 59.06 121.48 20.23 1926081
2 0340 20.87 22.38 10.12 2237545
1 0339 59.06 121.48 17.94 1925081
1 0341 59.06 121.48 16.92 1927081
2 0341 20.87 22.38 11.73 2238095
2 0342 20.87 22.38 11.22 2238395
1 0343 59.05 121.48 19.30 1929081
2 0343 20.86 22.38 12.50 2238745
1 0344 59.05 121.48 19.89 1930081
1 0342 59.07 121.48 16.92 1928081
2 0344 20.87 22.38 11.65 2239045
1 0345 59.06 121.48 15.81 1931081
2 0345 20.88 22.38 12.67 2239595
2 0346 20.86 22.38 12.58 2239895
1 0347 59.07 121.48 19.98 1933081
2 0347 20.86 22.38 12.24 2240445
1 0348 59.06 121.48 15.39 1934081
2 0348 20.88 22.41 12.67 2240745
1 0349 59.07 121.48 18.02 1935081
2 0349 20.87 22.45 11.14 2241095
2 0350 20.87 22.41 12.24 2241395
1 0351 59.07 121.48 18.53 1937081
1 0346 59.06 121.48 18.78 1932081
2 0351 20.87 22.41 10.62 2241945
1 0352 59.07 121.48 16.24 1938081
2 0352 20.86 22.45 10.88 2242245
1 0353 59.06 121.48 16.49 1939081
2 0353 20.87 22.45 9.52 2242795
1 0354 59.06 121.48 19.30 1940081
2 0354 20.87 22.45 10.46 2243095
1 0350 59.07 121.48 20.06 1936081
1 0355 59.05 121.48 19.72 1941081
2 0356 20.88 22.48 10.88 2243745
2 0355 20.87 22.45 9.60 2243445
2 0357 20.87 22.48 9.94 2244295
1 0356 59.07 121.48 17.42 1942081
2 0359 20.87 22.45 11.48 2245145
2 0358 20.87 22.48 9.86 2244595
2 0360 20.88 22.45 10.37 2245445
1 0361 59.07 121.48 15.81 1947081
2 0361 20.88 22.45 12.41 2245795
1 0362 59.07 121.48 18.53 1948081
2 0362 20.86 22.45 10.28 2246095
1 0357 59.07 121.48 16.83 1943081
1 0363 59.08 121.48 20.06 1949081
2 0363 20.87 22.45 11.99 2246645
1 0364 59.07 121.48 18.19 1950081
2 0364 20.86 22.45 11.82 2246945
1 0358 59.07 121.48 18.96 1944081
1 0365 59.07 121.48 15.39 1951081
2 0365 20.86 22.45 12.33 2247495
1 0366 59.06 121.48 18.62 1952081
2 0366 20.86 22.45 12.33 2247795
1 0359 59.07 121.48 20.32 1945081
1 0367 59.07 121.48 20.40 1953081
2 0367 20.87 22.45 11.73 2248145
1 0368 59.07 121.48 18.53 1954081
1 0360 59.06 121.48 17.26 1946081
2 0368 20.87 22.45 12.33 2248445
1 0369 59.07 121.48 15.98 1955081
1 0370 59.07 121.48 17.17 1956081
2 0370 20.87 22.45 12.24 2249295
2 0369 20.88 22.45 12.24 2248995
1 0371 59.08 121.48 20.32 1957081
2 0371 20.87 22.45 11.22 2249845
2 0372 20.87 22.45 11.65 2250145
1 0372 59.07 121.48 18.70 1958081
1 0373 59.07 121.48 15.73 1959081
1 0374 59.07 121.48 19.04 1960081
2 0374 20.87 22.41 11.82 2250795
1 0375 59.08 121.48 19.64 1961081
2 0375 20.87 22.45 9.94 2251345
2 0376 20.86 22.41 10.28 2251645
2 0373 20.86 22.45 10.54 2250495
2 0377 20.87 22.38 9.44 2252195
1 0376 59.07 121.48 18.44 1962081
1 0378 59.08 121.48 18.78 1964081
2 0378 20.87 22.38 10.12 2252495
1 0379 59.07 121.48 20.40 1965081
2 0379 20.86 22.38 10.12 2252845
1 0377 59.07 121.48 16.24 1963081
1 0380 59.07 121.48 17.34 1966081
2 0380 20.87 22.38 10.12 2253145
2 0381 20.86 22.34 10.54 2253695
1 0382 59.08 121.48 18.70 1968081
2 0382 20.86 22.38 10.12 2253995
1 0383 59.07 121.48 19.89 1969081
1 0381 59.07 121.48 16.49 1967081
2 0383 20.87 22.31 11.90 2254545
1 0384 59.08 121.48 17.68 1970081
1 0386 59.07 121.48 19.64 1972081
2 0386 20.88 22.31 10.80 2255495
1 0387 59.09 121.48 19.89 1973081
2 0384 20.87 22.34 10.80 2254845
2 0387 20.88 22.31 12.07 2256045
1 0385 59.07 121.48 16.24 1971081
2 0388 20.86 22.24 12.24 2256345
1 0388 59.07 121.48 18.78 1974081
1 0389 59.08 121.48 15.81 1975081
2 0389 20.87 22.24 12.24 2256895
2 0385 20.86 22.31 12.24 2255195
1 0390 59.08 121.48 17.17 1976081
1 0391 59.07 121.48 20.57 1977081
1 0392 59.07 121.48 18.70 1978081
1 0393 59.08 121.48 15.90 1979081
2 0390 20.87 22.24 12.33 2257195
2 0393 20.87 22.24 11.90 2258395
1 0394 59.08 121.48 18.10 1980081
1 0395 59.08 121.48 19.64 1981081
2 0391 20.86 22.24 11.56 2257545
2 0395 20.87 22.17 10.88 2259245
2 0392 20.88 22.24 12.58 2257845
2 0396 20.87 22.17 11.31 2259545
1 0397 59.09 121.48 15.39 1983081
1 0396 59.09 121.48 19.30 1982081
2 0397 20.87 22.17 10.03 2259895
1 0398 59.09 121.48 17.34 1984081
2 0398 20.87 22.21 11.22 2260195
2 0399 20.87 22.17 9.94 2260745
2 0394 20.86 22.24 11.82 2258695
1 0399 59.07 121.48 19.98 1985081
1 0400 59.08 121.48 19.30 1986081
2 0400 20.87 22.17 9.86 2261045
2 0401 20.88 22.14 9.94 2261595
1 0402 59.08 121.48 17.00 1988081
2 0402 20.87 22.17 9.52 2261895
1 0403 59.09 121.48 18.87 1989081
1 0401 59.09 121.48 17.08 1987081
2 0403 20.87 22.17 11.39 2262246
1 0404 59.09 121.48 20.40 1990081
1 0405 59.08 121.48 17.08 1991081
2 0405 20.87 22.17 11.22 2263095
2 0404 20.86 22.10 10.03 2262545
1 0406 59.09 121.48 15.98 1992081
1 0407 59.11 121.48 19.72 1993081
2 0407 20.87 22.14 12.16 2263945
2 0408 20.88 22.17 12.41 2264245
2 0406 20.88 22.14 11.82 2263395
1 0409 59.08 121.48 17.08 1995081
2 0409 20.87 22.17 12.07 2264595
1 0410 59.09 121.48 16.40 1996081
2 0410 20.88 22.14 11.90 2264895
1 0411 59.09 121.48 18.02 1997081
2 0411 20.88 22.10 12.33 2265445
1 0408 59.09 121.48 19.55 1994081
1 0412 59.10 121.48 20.32 1998081
2 0412 20.88 22.10 11.31 2265745
2 0413 20.87 22.14 11.22 2266295
1 0414 59.09 121.48 16.32 2000081
1 0413 59.09 121.48 19.12 1999081
2 0414 20.88 22.10 11.56 2266595
1 0415 59.10 121.48 16.58 2001081
2 0415 20.87 22.17 10.46 2266945
1 0416 59.09 121.48 19.38 2002081
2 0416 20.87 22.10 11.73 2267245
1 0417 59.10 121.48 19.55 2003081
2 0417 20.88 22.14 9.86 2267795
1 0418 59.10 121.48 17.76 2004081
2 0418 20.87 22.10 10.20 2268095
1 0419 59.10 121.48 16.24 2005081
2 0419 20.87 22.10 9.60 2268645
1 0420 59.09 121.48 17.76 2006081
1 0421 59.09 121.48 19.89 2007081
2 0421 20.86 22.10 10.54 2269295
2 0420 20.86 22.10 9.60 2268945
1 0422 59.08 121.48 19.89 2008081
1 0423 59.11 121.48 15.98 2009081
2 0422 20.87 22.14 10.28 2269595
1 0424 59.10 121.48 16.15 2010081
1 0425 59.09 121.48 18.87 2011081
1 0426 59.09 121.48 20.66 2012081
2 0426 20.87 22.14 12.33 2271295
2 0423 20.82 22.17 11.39 2433995
1 0428 59.10 121.48 16.66 2014081
1 0427 59.10 121.48 19.12 2013081
2 0428 20.87 22.17 9.94 2271945
2 0424 20.82 22.17 10.28 2434295
2 0429 20.86 22.17 11.99 2272495
1 0430 59.09 121.48 18.96 2016081
1 0429 59.09 121.48 16.66 2015081
2 0430 20.86 22.10 11.56 2272795
2 0425 20.81 22.17 10.46 2434595
1 0431 59.09 121.48 19.98 2017081
1 0432 59.08 121.48 18.53 2018081
2 0431 20.82 22.17 10.88 2436445
1 0433 59.11 121.48 16.58 2019081
2 0427 20.82 22.17 10.71 2435245
2 0433 20.82 22.17 11.73 2437045
1 0434 59.09 121.48 18.02 2020081
2 0434 20.82 22.17 9.60 2437395
2 0432 20.82 22.17 12.50 2436745
1 0435 59.10 121.48 19.89 2021081
2 0435 20.82 22.17 10.88 2437695
1 0436 59.10 121.48 19.46 2022081
1 0437 59.11 121.48 17.00 2023081
2 0437 20.82 22.17 11.82 2438295
2 0438 20.82 22.21 12.33 2438595
1 0439 59.11 121.48 17.76 2025081
2 0439 20.82 22.21 11.05 2438895
1 0440 59.10 121.48 20.32 2026081
2 0436 20.83 22.17 10.03 2437995
2 0440 20.82 22.17 9.60 2439195
1 0441 59.10 121.48 19.55 2027081
2 0441 20.82 22.21 11.14 2439495
1 0438 59.10 121.48 15.56 2024081
1 0442 59.10 121.48 18.02 2028081
2 0442 20.82 22.24 12.24 2439845
1 0447 59.11 121.48 17.34 2033081
2 0447 20.82 22.24 10.37 2441345
1 0448 59.10 121.48 16.06 2034081
1 0443 59.11 121.48 16.15 2029081
2 0448 20.83 22.24 12.33 2441645
2 0443 20.82 22.24 11.65 2440145
1 0449 59.11 121.48 17.94 2035081
2 0449 20.82 22.24 11.65 2441945
2 0444 20.82 22.24 12.67 2440445
2 0450 20.82 22.24 10.37 2442295
1 0451 59.11 121.48 19.21 2037081
1 0444 59.10 121.48 17.68 2030081
2 0451 20.82 22.24 11.73 2442595
2 0445 20.82 22.24 11.65 2440745
1 0453 59.10 121.48 16.06 2039081
2 0446 20.81 22.17 10.12 2441045
2 0453 20.82 22.24 11.22 2443195
1 0454 59.11 121.48 16.92 2040081
2 0455 20.80 22.24 11.56 2443795
1 0445 59.11 121.48 19.72 2031081
1 0460 59.11 121.48 18.36 2046081
2 0460 20.82 22.24 12.16 2445345
2 0452 20.82 22.24 9.86 2442895
2 0461 20.81 22.24 11.82 2445645
2 0462 20.82 22.24 10.46 2445945
1 0446 59.11 121.48 19.38 2032081
2 0454 20.82 22.24 12.58 2443495
2 0468 20.81 22.24 10.12 2447795
1 0469 59.11 121.48 18.19 2055081
1 0450 59.09 121.48 20.91 2036081
2 0469 20.82 22.24 10.80 2448345
1 0470 59.11 121.48 19.98 2056081
2 0470 20.86 22.28 10.71 2288395
2 0471 20.86 22.17 12.33 2288945
1 0472 59.10 121.48 16.40 2058081
2 0456 20.82 22.24 10.03 2444095
2 0472 20.84 22.17 9.86 2289245
1 0452 59.11 121.48 17.51 2038081
1 0473 59.10 121.48 17.17 2059081
2 0473 20.86 22.17 11.48 2289795
1 0474 59.10 121.48 18.78 2060081
2 0457 20.82 22.24 10.88 2444395
2 0474 20.86 22.17 10.62 2290095
1 0455 59.11 121.48 18.10 2041081
1 0475 59.11 121.48 20.23 2061081
2 0458 20.82 22.24 12.41 2444695
2 0475 20.86 22.10 12.50 2290446
1 0456 59.11 121.48 20.49 2042081
1 0476 59.12 121.48 17.76 2062081
2 0476 20.85 22.10 10.80 2290745
1 0477 59.12 121.48 15.30 2063081
2 0459 20.82 22.24 11.90 2445045
2 0477 20.85 22.10 12.16 2291295
1 0457 59.11 121.48 19.72 2043081
1 0479 59.12 121.48 20.15 2065081
2 0463 20.82 22.24 10.37 2446245
2 0479 20.86 22.03 12.33 2292145
2 0480 20.86 22.03 11.90 2292445
1 0458 59.11 121.48 17.68 2044081
1 0481 59.11 121.48 17.00 2067081
2 0464 20.82 22.31 12.41 2446545
1 0482 59.10 121.48 16.24 2068081
2 0482 20.87 22.03 12.58 2293095
1 0483 59.11 121.48 18.53 2069081
1 0484 59.11 121.48 20.57 2070081
2 0465 20.82 22.31 12.58 2446895
2 0484 20.84 22.03 12.67 2293945
1 0459 59.10 121.48 15.81 2045081
2 0485 20.86 22.03 11.31 2294495
2 0466 20.82 22.24 12.58 2447195
1 0486 59.10 121.48 15.22 2072081
1 0461 59.11 121.48 19.98 2047081
2 0486 20.85 22.03 12.07 2294795
1 0487 59.11 121.48 18.53 2073081
2 0487 20.86 22.03 9.94 2295145
2 0467 20.81 22.24 11.56 2447495
1 0488 59.11 121.48 20.06 2074081
1 0462 59.10 121.48 18.87 2048081
2 0488 20.86 22.03 11.48 2295445
2 0478 20.85 22.10 11.90 2291595
1 0489 59.11 121.48 17.94 2075081
1 0463 59.11 121.48 16.24 2049081
2 0489 20.86 22.03 10.28 2295995
1 0490 59.11 121.48 16.32 2076081
2 0490 20.85 22.03 9.86 2296295
2 0481 20.86 22.03 12.33 2292795
1 0491 59.11 121.48 17.85 2077081
1 0464 59.11 121.48 16.32 2050081
2 0491 20.84 22.03 10.28 2296845
1 0492 59.12 121.48 19.72 2078081
2 0483 20.86 22.03 12.50 2293645
2 0492 20.86 22.03 9.52 2297145
1 0465 59.11 121.48 18.96 2051081
1 0493 59.11 121.48 20.49 2079081
2 0493 20.86 22.03 10.62 2297495
1 0494 59.11 121.48 17.51 2080081
2 0494 20.85 22.03 10.46 2297995
1 0466 59.11 121.48 20.23 2052081
1 0495 59.11 121.48 15.98 2081081
2 0495 20.86 22.03 12.75 2298345
1 0467 59.11 121.48 17.42 2053081
1 0496 59.10 121.48 18.96 2082081
2 0496 20.85 22.03 12.07 2298645
1 0497 59.10 121.48 20.66 2083081
2 0497 20.85 22.00 12.24 2299195
1 0468 59.11 121.48 15.47 2054081
1 0498 59.11 121.48 18.87 2084081
2 0498 20.85 22.03 12.24 2299495
1 0499 59.10 121.48 17.17 2085081
1 0471 59.09 121.48 18.62 2057081
2 0499 20.85 22.03 10.88 2300045
1 0500 59.10 121.48 16.49 2086081
2 0500 20.84 22.00 11.39 2300345
1 0478 59.10 121.48 17.94 2064081
1 0480 59.11 121.48 19.46 2066081
1 0485 59.10 121.48 18.62 2071081
1 0501 59.11 121.48 17.85 2087081
2 0503 20.86 22.00 10.20 2301545
1 0504 59.11 121.48 17.51 2090081
2 0501 20.86 22.03 9.69 2300695
2 0517 20.85 21.96 11.05 2307095
1 0518 59.13 121.48 19.30 2104081
1 0502 59.12 121.48 19.80 2088081
2 0518 20.84 21.96 11.90 2307395
2 0502 20.86 22.03 11.05 2300995
2 0519 20.85 21.96 9.78 2307745
1 0520 59.12 121.48 18.87 2106081
1 0503 59.10 121.48 19.64 2089081
2 0520 20.84 22.03 11.22 2308045
1 0521 59.13 121.48 15.30 2107081
2 0521 20.85 22.03 10.12 2308595
2 0504 20.85 21.96 9.94 2301845
1 0522 59.12 121.48 17.34 2108081
1 0505 59.10 121.48 15.56 2091081
2 0522 20.86 22.03 9.86 2308895
1 0523 59.12 121.48 20.15 2109081
1 0506 59.10 121.48 17.76 2092081
2 0523 20.85 22.03 10.54 2309445
1 0524 59.11 121.48 20.06 2110081
2 0524 20.85 22.03 9.60 2309745
2 0505 20.85 22.03 11.73 2302395
1 0507 59.11 121.48 19.72 2093081
2 0525 20.85 22.03 12.07 2310095
1 0526 59.12 121.48 16.58 2112081
2 0506 20.85 21.96 10.88 2302695
2 0526 20.84 22.03 10.03 2310395
1 0527 59.12 121.48 18.70 2113081
2 0527 20.85 22.03 11.56 2310945
1 0508 59.11 121.48 19.55 2094081
1 0528 59.13 121.48 19.72 2114081
2 0507 20.85 22.00 12.50 2303045
2 0528 20.84 22.03 11.82 2311245
1 0529 59.13 121.48 18.62 2115081
2 0529 20.86 22.03 11.99 2311795
1 0509 59.10 121.48 18.87 2095081
1 0530 59.14 121.48 16.24 2116081
2 0530 20.86 22.03 12.50 2312095
1 0531 59.13 121.48 16.66 2117081
2 0508 20.86 22.00 10.12 2303345
2 0531 20.86 22.03 11.99 2312445
1 0510 59.12 121.48 16.24 2096081
1 0532 59.13 121.48 19.04 2118081
2 0509 20.86 21.96 12.07 2303895
2 0532 20.86 22.07 11.99 2312745
1 0511 59.11 121.48 15.98 2097081
1 0533 59.14 121.48 20.66 2119081
2 0533 20.86 22.07 12.58 2313295
1 0534 59.14 121.48 19.38 2120081
2 0510 20.85 21.96 11.90 2304195
2 0534 20.85 22.10 12.16 2313595
1 0512 59.11 121.48 18.28 2098081
2 0535 20.85 22.07 11.48 2314145
2 0511 20.86 21.96 12.41 2304745
1 0536 59.14 121.48 16.32 2122081
1 0513 59.11 121.48 20.57 2099081
2 0536 20.85 22.10 11.56 2314445
1 0537 59.14 121.48 16.06 2123081
2 0537 20.85 22.10 10.54 2314795
1 0538 59.13 121.48 18.44 2124081
1 0514 59.11 121.48 19.38 2100081
2 0538 20.84 22.10 11.90 2315095
1 0539 59.14 121.48 20.06 2125081
2 0512 20.85 22.00 12.16 2305045
2 0539 20.85 22.10 9.94 2315645
1 0515 59.12 121.48 17.26 2101081
1 0540 59.13 121.48 19.64 2126081
2 0540 20.85 22.10 10.28 2315945
1 0541 59.13 121.48 19.72 2127081
2 0513 20.85 21.96 11.99 2305395
2 0541 20.85 22.10 9.86 2316495
1 0516 59.12 121.48 16.32 2102081
1 0542 59.14 121.48 17.68 2128081
2 0514 20.85 22.03 12.41 2305695
2 0542 20.86 22.10 10.03 2316795
1 0517 59.11 121.48 18.28 2103081
1 0543 59.13 121.48 15.56 2129081
2 0543 20.86 22.17 11.65 2317145
1 0544 59.14 121.48 16.74 2130081
2 0515 20.84 21.96 12.07 2306245
2 0544 20.86 22.14 9.86 2317445
1 0519 59.12 121.48 19.80 2105081
1 0545 59.13 121.48 17.76 2131081
2 0545 20.86 22.17 12.50 2317995
1 0546 59.14 121.48 19.64 2132081
2 0516 20.85 21.96 12.50 2306545
2 0546 20.86 22.17 11.65 2318295
1 0547 59.13 121.48 20.23 2133081
2 0547 20.84 22.17 9.86 2318845
1 0548 59.14 121.48 18.44 2134081
2 0548 20.84 22.17 12.50 2319245
1 0549 59.14 121.48 15.81 2135081
2 0549 20.84 22.17 11.05 2319545
1 0550 59.14 121.48 17.17 2136081
2 0550 20.86 22.17 9.94 2319845
1 0551 59.13 121.48 18.44 2137081
1 0525 59.13 121.48 17.42 2111081
2 0551 20.86 22.21 10.62 2320145
1 0552 59.13 121.48 20.06 2138081
1 0535 59.14 121.48 18.44 2121081
1 0553 59.14 121.48 20.32 2139081
2 0552 20.85 22.21 12.16 2320445
1 0555 59.14 121.48 16.32 2141081
1 0554 59.13 121.48 17.08 2140081
2 0555 20.86 22.24 11.73 2321395
2 0553 20.85 22.24 12.33 2320745
2 0556 20.86 22.24 10.37 2321695
1 0557 59.14 121.48 19.64 2143081
1 0556 59.15 121.48 18.02 2142081
2 0557 20.85 22.24 10.62 2321995
1 0558 59.14 121.48 20.23 2144081
2 0558 20.85 22.24 11.99 2322295
2 0554 20.86 22.21 10.28 2321095
1 0559 59.14 121.48 17.94 2145081
2 0559 20.86 22.24 12.24 2322595
1 0560 59.14 121.48 15.90 2146081
2 0560 20.84 22.24 10.88 2322895
1 0561 59.13 121.48 18.36 2147081
1 0562 59.14 121.48 19.72 2148081
1 0563 59.15 121.48 19.38 2149081
2 0561 20.85 22.28 9.60 2323197
2 0563 20.85 22.28 9.94 2323845
2 0562 20.84 22.31 11.65 2323545
1 0564 59.15 121.48 17.85 2150081
2 0564 20.85 22.31 12.16 2324145
2 0565 20.84 22.31 12.33 2324445
1 0566 59.13 121.48 17.17 2152081
2 0566 20.86 22.31 10.97 2324745
1 0567 59.15 121.48 19.04 2153081
2 0567 20.84 22.31 9.94 2325045
1 0568 59.14 121.48 19.89 2154081
1 0565 59.14 121.48 15.39 2151081
2 0568 20.85 22.31 11.39 2325345
2 0569 20.86 22.31 11.82 2325645
1 0570 59.14 121.48 18.62 2156081
1 0569 59.13 121.48 19.46 2155081
2 0570 20.86 22.31 11.22 2325945
1 0571 59.14 121.48 15.39 2157081
2 0571 20.85 22.38 9.78 2326295
1 0572 59.14 121.48 17.34 2158081
1 0573 59.13 121.48 16.06 2159581
2 0573 20.85 22.38 9.78 2326895
2 0574 20.84 22.31 12.07 2327195
2 0572 20.86 22.31 10.54 2326595
1 0575 59.13 121.48 18.19 2161581
1 0574 59.14 121.48 15.64 2160581
2 0575 20.84 22.38 12.33 2327495
1 0576 59.14 121.48 19.21 2162581
2 0576 20.86 22.38 10.54 2327795
2 0577 20.86 22.38 9.94 2328095
1 0578 59.14 121.48 18.70 2164581
2 0578 20.86 22.38 11.82 2328395
1 0579 59.14 121.48 15.56 2165581
2 0579 20.85 22.38 12.33 2328745
1 0580 59.13 121.48 16.83 2166581
1 0577 59.14 121.48 19.64 2163581
2 0580 20.85 22.41 11.90 2329045
2 0581 20.85 22.41 12.84 2329345
1 0582 59.13 121.48 19.12 2168581
1 0581 59.13 121.48 18.70 2167581
2 0582 20.86 22.45 10.80 2329645
1 0583 59.13 121.48 20.23 2169581
2 0583 20.84 22.45 9.60 2329945
1 0584 59.13 121.48 20.32 2170581
2 0584 20.86 22.45 11.82 2330245
1 0585 59.13 121.48 18.62 2171581
2 0585 20.86 22.45 12.67 2330545
2 0586 20.84 22.45 10.88 2330845
2 0587 20.85 22.45 9.94 2331195
1 0586 59.14 121.48 17.00 2172581
1 0588 59.14 121.48 16.06 2174581
2 0588 20.84 22.45 10.88 2331495
1 0589 59.14 121.48 17.26 2175581
2 0589 20.84 22.45 9.94 2331795
2 0590 20.85 22.52 11.90 2332095
1 0591 59.13 121.48 20.15 2177581
1 0593 59.12 121.48 19.98 2180081
1 0587 59.14 121.48 16.15 2173581
2 0593 20.84 22.52 10.37 2332995
2 0591 20.84 22.48 11.73 2332395
1 0594 59.13 121.48 19.89 2181081
1 0590 59.13 121.48 19.80 2176581
2 0594 20.84 22.48 12.50 2333295
1 0595 59.15 121.48 18.87 2182081
1 0596 59.13 121.48 19.38 2183081
1 0592 59.13 121.48 18.96 2178581
1 0598 59.11 121.48 17.76 2185081
2 0598 20.84 22.52 10.62 2334545
1 0599 59.14 121.48 20.23 2186081
2 0592 20.84 22.52 10.28 2332695
2 0599 20.84 22.48 10.28 2334845
1 0600 59.14 121.48 19.98 2187081
1 0597 59.13 121.48 15.98 2184081
2 0600 20.84 22.52 11.99 2335145
1 0601 59.14 121.48 18.62 2188081
2 0601 20.86 22.52 12.16 2335445
2 0595 20.84 22.52 12.16 2333595
2 0602 20.85 22.52 10.97 2335745
1 0603 59.14 121.48 16.49 2190081
2 0603 20.84 22.48 9.86 2336045
2 0596 20.84 22.52 9.94 2333945
1 0604 59.13 121.48 17.94 2191081
2 0604 20.84 22.52 12.16 2336395
1 0605 59.13 121.48 20.49 2192081
1 0602 59.13 121.48 16.40 2189081
2 0605 20.84 22.48 10.46 2336695
1 0606 59.13 121.48 20.32 2193081
2 0606 20.85 22.52 11.90 2336995
1 0607 59.13 121.48 18.36 2194081
2 0607 20.84 22.52 12.07 2337295
1 0608 59.13 121.48 16.24 2195081
2 0608 20.85 22.52 10.71 2337595
2 0597 20.84 22.52 11.73 2334245
1 0609 59.13 121.48 16.74 2196081
2 0609 20.83 22.52 9.94 2337895
1 0610 59.14 121.48 18.28 2197081
2 0610 20.84 22.52 11.82 2338195
2 0611 20.84 22.52 12.50 2338495
1 0612 59.14 121.48 19.21 2199081
1 0611 59.13 121.48 20.74 2198081
2 0612 20.84 22.48 10.62 2338845
1 0613 59.12 121.48 15.98 2200081
2 0613 20.85 22.48 11.65 2339145
1 0614 59.11 121.48 17.17 2201081
1 0615 59.13 121.48 18.62 2202081
2 0614 20.84 22.52 10.28 2339445
1 0616 59.15 121.48 19.80 2203081
2 0616 20.85 22.48 11.90 2340045
1 0617 59.15 121.48 20.23 2204081
2 0615 20.85 22.52 10.28 2339745
2 0617 20.85 22.48 12.33 2340345
1 0618 59.13 121.48 18.96 2205081
2 0618 20.84 22.48 11.05 2340645
1 0620 59.13 121.48 16.24 2207081
1 0619 59.13 121.48 16.40 2206081
2 0620 20.84 22.48 11.65 2341295
1 0621 59.13 121.48 17.60 2208081
2 0619 20.84 22.45 9.94 2340945
2 0621 20.84 22.48 9.69 2341595
2 0622 20.84 22.45 12.07 2341895
1 0623 59.14 121.48 20.91 2210081
2 0623 20.86 22.45 12.50 2342195
1 0622 59.14 121.48 18.87 2209081
1 0624 59.13 121.48 19.64 2211081
1 0626 59.12 121.48 16.15 2213081
1 0625 59.13 121.48 18.19 2212081
2 0624 20.85 22.45 10.62 2342495
1 0627 59.13 121.48 16.49 2214081
1 0628 59.13 121.48 17.60 2215081
2 0628 20.84 22.45 11.22 2343745
2 0625 20.85 22.45 9.86 2342795
2 0629 20.84 22.41 12.75 2344045
1 0630 59.13 121.48 19.98 2217081
2 0626 20.85 22.45 11.82 2343095
2 0630 20.84 22.45 11.56 2344345
1 0629 59.14 121.48 20.23 2216081
1 0631 59.13 121.48 18.53 2218081
1 0632 59.11 121.48 17.08 2219081
2 0627 20.79 22.38 10.20 2507845
2 0632 20.84 22.38 11.14 2344945
2 0631 20.84 22.38 11.65 2344645
2 0633 20.85 22.45 12.84 2345245
1 0634 59.12 121.48 18.53 2221081
2 0634 20.84 22.45 11.48 2345545
1 0635 59.13 121.48 20.66 2222081
2 0635 20.86 22.41 10.03 2345845
1 0636 59.12 121.48 18.62 2223081
2 0636 20.84 22.38 10.62 2346195
1 0637 59.12 121.48 16.66 2224081
1 0633 59.12 121.48 15.73 2220081
2 0637 20.85 22.41 10.37 2346495
2 0638 20.84 22.38 10.12 2346795
1 0639 59.13 121.48 17.17 2226081
1 0638 59.13 121.48 16.58 2225081
2 0639 20.85 22.38 12.07 2347095
1 0640 59.13 121.48 19.72 2227081
2 0640 20.86 22.38 12.75 2347395
1 0641 59.12 121.48 20.23 2228081
2 0641 20.78 22.31 10.80 2513195
2 0642 20.85 22.38 9.69 2347995
1 0643 59.12 121.48 16.66 2230081
2 0643 20.85 22.38 11.39 2348295
1 0644 59.12 121.48 16.66 2231081
2 0644 20.86 22.38 11.73 2348645
2 0645 20.84 22.38 10.97 2348945
1 0646 59.13 121.48 20.66 2233081
1 0642 59.11 121.48 18.53 2229081
2 0646 20.84 22.38 12.58 2349245
1 0647 59.13 121.48 19.30 2234081
2 0647 20.85 22.38 11.48 2349545
1 0648 59.11 121.48 16.49 2235081
1 0645 59.12 121.48 17.85 2232081
2 0648 20.84 22.38 9.86 2349845
1 0649 59.11 121.48 16.58 2236081
1 0650 59.12 121.48 18.53 2237081
2 0649 20.79 22.31 12.75 2516395
1 0651 59.13 121.48 19.98 2238081
2 0651 20.78 22.28 12.33 2517245
2 0650 20.79 22.31 11.48 2516945
2 0652 20.78 22.31 10.12 2517595
1 0653 59.13 121.48 17.34 2240081
2 0653 20.79 22.31 11.39 2517895
1 0652 59.11 121.48 19.89 2239081
2 0654 20.80 22.28 10.28 2518445
1 0655 59.12 121.48 17.42 2242081
2 0655 20.78 22.28 9.52 2518745
1 0654 59.12 121.48 15.47 2241081
1 0656 59.12 121.48 20.40 2243081
2 0656 20.79 22.24 10.46 2519295
2 0657 20.78 22.24 9.94 2519595
1 0658 59.12 121.48 17.42 2245081
2 0658 20.79 22.24 12.50 2519945
1 0659 59.12 121.48 16.49 2246081
2 0659 20.79 22.24 10.88 2520245
1 0660 59.13 121.48 18.19 2247081
2 0660 20.79 22.28 11.99 2520795
1 0661 59.11 121.48 20.66 2248081
2 0661 20.78 22.24 12.50 2521095
1 0662 59.11 121.48 18.87 2249081
1 0657 59.12 121.48 19.21 2244081
2 0662 20.79 22.28 12.16 2521645
1 0663 59.12 121.48 15.98 2250081
2 0663 20.80 22.28 12.58 2521945
1 0664 59.11 121.48 16.58 2251081
2 0664 20.79 22.24 10.71 2522295
2 0665 20.79 22.28 12.24 2522595
1 0666 59.12 121.48 20.23 2253081
2 0666 20.79 22.24 10.97 2523145
1 0665 59.12 121.48 17.85 2252081
1 0667 59.12 121.48 19.89 2254081
2 0667 20.79 22.24 10.54 2523445
2 0668 20.78 22.24 9.94 2523995
1 0669 59.11 121.48 15.13 2256081
2 0669 20.79 22.24 9.69 2524295
1 0670 59.10 121.48 16.74 2257581
2 0670 20.79 22.28 11.48 2524645
1 0671 59.12 121.48 16.06 2258581
2 0671 20.78 22.24 9.86 2524946
1 0672 59.11 121.48 17.94 2259581
2 0672 20.78 22.24 10.97 2525495
1 0673 59.10 121.48 19.64 2260581
2 0673 20.78 22.24 11.73 2525795
1 0668 59.11 121.48 16.06 2255081
1 0674 59.11 121.48 19.89 2261581
2 0674 20.80 22.24 12.33 2526345
2 0675 20.79 22.24 12.50 2526645
1 0676 59.11 121.48 15.64 2263581
2 0676 20.79 22.24 11.31 2526995
1 0677 59.11 121.48 18.70 2264581
1 0675 59.12 121.48 17.34 2262581
2 0677 20.79 22.24 12.41 2527295
1 0678 59.11 121.48 20.23 2265581
1 0679 59.11 121.48 18.78 2266581
2 0678 20.78 22.24 11.56 2527845
2 0679 20.79 22.24 11.14 2528145
1 0680 59.09 121.48 16.40 2267581
2 0680 20.79 22.24 10.20 2528695
1 0681 59.10 121.48 18.70 2269081
2 0681 20.79 22.28 10.20 2528995
2 0682 20.80 22.24 10.80 2529345
2 0683 20.79 22.24 9.94 2529645
1 0682 59.10 121.48 16.83 2270081
2 0684 20.78 22.24 11.14 2530195
1 0685 59.09 121.48 19.30 2274081
1 0683 59.12 121.48 15.64 2271081
2 0685 20.78 22.24 11.82 2530495
1 0686 59.10 121.48 17.00 2275081
2 0686 20.79 22.24 12.07 2531045
1 0687 59.09 121.48 16.40 2276081
1 0684 59.09 121.48 20.57 2273081
2 0687 20.78 22.24 12.50 2531345
1 0688 59.11 121.48 18.10 2277081
1 0689 59.10 121.48 20.66 2278081
1 0690 59.11 121.48 19.72 2279081
2 0690 20.78 22.24 12.16 2532545
2 0688 20.78 22.24 11.48 2531695
2 0691 20.78 22.24 10.37 2532845
1 0692 59.10 121.48 17.60 2281081
2 0692 20.79 22.24 10.03 2533395
2 0689 20.79 22.24 12.84 2531995
2 0693 20.79 22.24 9.69 2533695
1 0694 59.09 121.48 17.85 2283581
2 0694 20.79 22.24 11.90 2534045
1 0695 59.09 121.48 20.40 2284581
2 0695 20.78 22.24 10.12 2534345
1 0696 59.09 121.48 19.04 2285581
2 0696 20.78 22.24 11.99 2534895
1 0697 59.10 121.48 16.32 2286581
2 0697 20.78 22.24 11.90 2535195
1 0691 59.11 121.48 15.64 2280081
1 0698 59.11 121.48 17.42 2287581
2 0698 20.78 22.24 12.16 2535745
1 0699 59.10 121.48 19.80 2288581
2 0699 20.78 22.24 12.41 2536045
1 0700 59.11 121.48 19.98 2289581
2 0700 20.78 22.24 10.20 2536395
1 0701 59.10 121.48 15.81 2290581
1 0693 59.11 121.48 19.64 2282081
2 0701 20.79 22.24 11.65 2536695
1 0702 59.11 121.48 16.74 2291581
2 0702 20.79 22.24 10.37 2537245
1 0703 59.11 121.48 20.06 2292581
2 0703 20.78 22.24 9.60 2537545
1 0704 59.10 121.48 19.89 2293581
2 0704 20.77 22.24 11.14 2538095
1 0705 59.11 121.48 16.92 2294581
2 0705 20.78 22.21 10.28 2538395
1 0706 59.11 121.48 16.49 2295581
2 0706 20.78 22.24 12.41 2538745
2 0707 20.77 22.24 11.56 2539045
1 0708 59.11 121.48 19.89 2297581
1 0707 59.11 121.48 18.62 2296581
2 0708 20.78 22.24 12.41 2539595
1 0709 59.10 121.48 18.36 2298581
2 0709 20.78 22.24 12.75 2539895
1 0710 59.09 121.48 15.98 2299581
2 0710 20.78 22.21 11.14 2540445
1 0711 59.09 121.48 17.42 2301081
2 0711 20.78 22.21 11.65 2540745
1 0712 59.10 121.48 15.73 2302081
2 0712 20.79 22.21 9.52 2541095
1 0713 59.11 121.48 17.76 2303081
2 0713 20.78 22.17 10.62 2541395
1 0714 59.09 121.48 19.89 2304081
1 0715 59.11 121.48 19.38 2305081
2 0715 20.78 22.17 9.86 2542245
2 0714 20.78 22.17 10.37 2541945
2 0716 20.79 22.17 12.16 2542796
1 0716 59.11 121.48 17.08 2306081
1 0717 59.11 121.48 17.08 2307081
1 0718 59.11 121.48 19.55 2308081
2 0717 20.78 22.14 12.07 2543095
1 0719 59.10 121.48 19.38 2309081
1 0720 59.11 121.48 16.15 2310081
2 0718 20.78 22.14 12.58 2543445
2 0720 20.78 22.10 12.07 2544295
2 0719 20.77 22.14 12.33 2543745
2 0721 20.78 22.10 12.24 2544595
1 0722 59.10 121.48 19.89 2312081
2 0722 20.78 22.10 10.54 2545145
1 0723 59.11 121.48 18.62 2313081
2 0723 20.78 22.10 10.88 2545445
1 0721 59.11 121.48 17.26 2311081
1 0724 59.10 121.48 15.98 2314081
2 0724 20.78 22.10 9.94 2545795
1 0726 59.09 121.48 20.40 2316081
2 0725 20.78 22.07 10.37 2546095
2 0726 20.78 22.03 10.12 2546645
1 0727 59.09 121.48 18.70 2317081
2 0727 20.78 22.03 10.03 2546945
1 0728 59.11 121.48 15.56 2318081
2 0728 20.78 22.03 11.73 2547495
1 0729 59.10 121.48 18.19 2319081
2 0729 20.78 22.03 11.65 2547795
2 0730 20.78 22.00 12.50 2548145
1 0731 59.11 121.48 18.36 2321083
1 0725 59.10 121.48 18.44 2315081
2 0731 20.78 21.96 11.99 2548445
1 0732 59.09 121.48 15.47 2322081
2 0732 20.77 21.96 12.41 2548995
1 0733 59.09 121.48 17.94 2323081
1 0734 59.09 121.48 20.57 2324081
2 0734 20.78 21.96 10.88 2549845
2 0733 20.78 21.96 12.33 2549295
1 0735 59.08 121.48 17.85 2325581
1 0730 59.10 121.48 20.74 2320081
2 0735 20.78 21.96 12.58 2550145
1 0736 59.08 121.48 20.49 2326581
1 0737 59.09 121.48 19.64 2327581
2 0737 20.79 21.93 10.37 2550795
2 0736 20.79 21.96 10.12 2550495
2 0738 20.78 21.90 11.90 2551345
1 0738 59.09 121.48 16.66 2328581
2 0740 20.79 21.90 11.82 2552195
2 0742 20.78 21.90 12.41 2552845
1 0743 59.09 121.48 16.32 2333581
2 0739 20.78 21.90 9.94 2551645
1 0744 59.08 121.48 17.94 2334581
2 0741 20.78 21.90 11.22 2552495
2 0743 20.80 21.90 12.16 2553145
2 0746 20.78 21.90 10.88 2554545
1 0747 59.09 121.48 19.55 2337581
2 0744 20.78 21.90 12.41 2553695
2 0747 20.77 21.90 11.39 2554845
2 0748 20.78 21.90 9.78 2555195
1 0749 59.09 121.48 15.64 2339581
2 0745 20.78 21.90 12.24 2553995
1 0739 59.09 121.48 17.17 2329581
1 0750 59.09 121.48 17.76 2340581
2 0749 20.77 21.90 10.88 2555495
2 0750 20.78 21.90 9.26 2556045
1 0751 59.08 121.48 19.64 2341581
2 0751 20.78 21.90 9.52 2556345
1 0752 59.09 121.48 19.12 2342581
2 0752 20.78 21.90 11.05 2556895
1 0753 59.08 121.48 16.74 2343581
1 0740 59.08 121.48 20.57 2330581
2 0753 20.78 21.90 10.28 2557195
1 0754 59.09 121.48 16.74 2344581
2 0754 20.76 21.90 12.16 2557545
1 0755 59.09 121.48 18.87 2345581
1 0741 59.09 121.48 18.87 2331581
2 0755 20.78 21.90 11.22 2557845
1 0756 59.09 121.48 20.49 2346581
2 0756 20.78 21.90 12.24 2558395
1 0757 59.09 121.48 19.04 2347581
2 0757 20.78 21.90 11.73 2558695
1 0758 59.09 121.48 15.39 2348581
2 0758 20.78 21.96 11.73 2559245
1 0759 59.08 121.48 17.85 2349581
2 0759 20.78 21.90 12.84 2559545
1 0760 59.09 121.48 19.98 2350581
1 0742 59.09 121.48 16.66 2332581
2 0760 20.77 21.93 10.71 2559895
2 0761 20.78 21.96 11.82 2560195
1 0762 59.09 121.48 17.34 2352582
1 0745 59.08 121.48 19.21 2335581
2 0762 20.78 21.96 10.20 2560745
1 0763 59.08 121.48 16.24 2353581
1 0746 59.07 121.48 20.66 2336581
1 0764 59.09 121.48 17.17 2354581
2 0763 20.77 21.96 10.03 2561045
2 0764 20.78 21.96 9.78 2561595
1 0765 59.08 121.48 19.72 2355581
2 0765 20.77 21.96 9.52 2561895
1 0748 59.08 121.48 16.92 2338581
1 0766 59.07 121.48 20.32 2356583
2 0766 20.77 21.96 11.65 2562245
1 0767 59.07 121.48 17.08 2357581
1 0761 59.08 121.48 19.21 2351581
2 0767 20.77 21.96 10.12 2562545
2 0768 20.78 21.96 11.99 2563095
1 0769 59.09 121.48 18.19 2359581
1 0768 59.07 121.48 15.90 2358581
2 0769 20.77 21.96 12.41 2563395
2 0770 20.77 21.96 12.50 2563945
2 0771 20.77 21.96 12.84 2564245
1 0772 59.07 121.48 17.76 2362581
2 0772 20.77 21.96 11.14 2564595
1 0773 59.07 121.48 15.30 2363581
2 0773 20.77 21.96 12.41 2564895
1 0774 59.08 121.48 16.66 2364581
2 0774 20.78 22.00 12.33 2565445
1 0770 59.07 121.48 19.80 2360581
1 0775 59.07 121.48 19.30 2365581
2 0775 20.76 21.96 11.22 2565745
1 0776 59.07 121.48 20.32 2366581
2 0776 20.76 22.00 10.28 2566295
1 0771 59.08 121.48 19.98 2361581
1 0777 59.06 121.48 18.96 2367581
2 0777 20.77 22.03 10.20 2566595
2 0778 20.77 22.03 10.62 2566945
1 0779 59.06 121.48 15.81 2369581
2 0779 20.77 22.03 10.20 2567245
1 0778 59.06 121.48 17.34 2368581
1 0780 59.07 121.48 15.98 2370581
2 0780 20.77 22.03 10.97 2567795
2 0781 20.76 22.03 11.90 2568095
1 0781 59.07 121.48 18.28 2371581
1 0783 59.07 121.48 19.46 2373581
2 0783 20.77 22.03 12.67 2568995
1 0784 59.07 121.48 18.10 2374581
2 0782 20.77 22.03 12.33 2568645
2 0784 20.78 22.03 10.03 2569295
1 0782 59.08 121.48 20.57 2372581
1 0785 59.08 121.48 15.98 2375581
1 0786 59.07 121.48 18.62 2377081
2 0785 20.77 22.03 12.24 2569845
1 0787 59.07 121.48 16.06 2378081
1 0788 59.07 121.48 16.66 2379081
1 0789 59.07 121.48 18.36 2380081
2 0789 20.76 22.07 9.86 2571345
2 0786 20.77 22.03 12.33 2570145
2 0787 20.77 22.03 11.05 2570695
2 0791 20.78 22.07 9.69 2572195
1 0792 59.07 121.48 20.15 2383581
1 0790 59.07 121.48 17.26 2381581
2 0792 20.76 22.03 9.94 2572495
2 0788 20.77 22.03 11.48 2570995
2 0793 20.78 22.03 11.56 2573045
1 0794 59.07 121.48 15.73 2385581
2 0790 20.76 22.03 11.39 2571645
2 0794 20.76 22.03 11.39 2573347
1 0795 59.07 121.48 18.28 2386581
2 0795 20.77 22.07 12.50 2573695
1 0796 59.06 121.48 20.66 2387581
2 0796 20.78 22.07 11.39 2573995
1 0797 59.07 121.48 18.87 2388581
1 0791 59.07 121.48 18.53 2382581
2 0797 20.78 22.07 12.41 2574545
1 0798 59.07 121.48 16.83 2389581
2 0798 20.76 22.03 12.07 2574846
1 0799 59.06 121.48 16.83 2390581
1 0793 59.07 121.48 18.96 2384581
2 0799 20.77 22.07 10.62 2575395
1 0800 59.07 121.48 19.12 2391581
2 0800 20.76 22.10 10.80 2575746
1 0801 59.09 121.48 19.72 2392581
1 0802 59.08 121.48 17.85 2393581
2 0801 20.77 22.10 10.12 2576045
2 0802 20.77 22.03 10.62 2576595
1 0803 59.07 121.48 16.06 2394581
1 0804 59.07 121.48 19.12 2395581
1 0805 59.07 121.48 20.23 2396581
1 0806 59.07 121.48 17.42 2397581
2 0806 20.78 22.10 12.50 2578095
2 0811 20.77 22.10 12.33 2580096
1 0807 59.08 121.48 16.06 2398581
1 0812 59.09 121.48 16.40 2403581
2 0803 20.77 22.03 10.03 2576895
2 0813 20.77 22.10 12.16 2580745
1 0814 59.07 121.48 17.51 2405581
1 0808 59.07 121.48 18.87 2399581
2 0816 20.78 22.07 10.46 2582145
1 0817 59.07 121.48 19.72 2408581
2 0819 20.77 22.07 10.12 2583095
2 0804 20.77 22.10 10.71 2577445
2 0820 20.76 22.10 12.07 2583645
1 0821 59.06 121.48 15.56 2413081
1 0809 59.07 121.48 19.64 2400581
2 0821 20.76 22.10 12.33 2583945
2 0822 20.77 22.10 11.90 2584495
1 0823 59.07 121.48 18.02 2415081
1 0810 59.07 121.48 20.40 2401581
1 0811 59.06 121.48 19.12 2402581
2 0829 20.76 22.10 10.03 2587145
1 0830 59.07 121.48 17.85 2422081
1 0813 59.08 121.48 15.98 2404581
2 0830 20.76 22.10 11.73 2587495
1 0831 59.07 121.48 20.15 2423081
2 0831 20.76 22.10 9.69 2587795
2 0805 20.76 22.10 10.03 2577745
1 0815 59.08 121.48 18.87 2406581
2 0832 20.78 22.10 12.07 2588345
1 0833 59.05 121.48 18.96 2425081
2 0807 20.78 22.07 10.88 2578395
2 0833 20.76 22.10 11.82 2588645
1 0816 59.07 121.48 20.40 2407581
1 0834 59.07 121.48 17.51 2426081
2 0834 20.77 22.10 12.75 2589195
1 0835 59.07 121.48 15.13 2427081
2 0808 20.78 22.07 12.50 2578945
2 0835 20.77 22.10 12.50 2589495
1 0818 59.07 121.48 17.00 2409581
1 0836 59.06 121.48 16.58 2428081
2 0836 20.77 22.10 11.39 2589845
1 0837 59.06 121.48 18.62 2429081
1 0819 59.07 121.48 19.98 2411081
1 0838 59.07 121.48 19.55 2430081
2 0838 20.77 22.14 10.28 2590695
1 0820 59.07 121.48 17.34 2412081
2 0839 20.76 22.17 10.28 2590995
1 0841 59.08 121.48 16.06 2433081
2 0841 20.76 22.17 10.28 2591845
2 0809 20.76 22.10 12.16 2579245
1 0842 59.05 121.48 15.73 2434081
1 0822 59.07 121.48 17.68 2414081
2 0842 20.77 22.17 11.99 2592195
2 0810 20.78 22.10 11.90 2579795
1 0843 59.06 121.48 17.42 2435081
1 0824 59.07 121.48 19.55 2416081
2 0843 20.76 22.17 10.80 2592495
1 0844 59.07 121.48 18.78 2436081
2 0844 20.77 22.17 12.67 2593045
2 0812 20.77 22.10 10.28 2580445
1 0845 59.06 121.48 20.23 2437081
1 0825 59.07 121.48 20.66 2417081
1 0846 59.05 121.48 19.89 2438081
2 0846 20.76 22.21 12.16 2593895
1 0826 59.07 121.48 19.38 2418081
1 0847 59.05 121.48 17.68 2439081
1 0848 59.07 121.48 15.39 2440081
2 0848 20.76 22.21 12.75 2594795
1 0827 59.07 121.48 17.26 2419081
1 0849 59.07 121.48 16.92 2441081
2 0814 20.77 22.10 10.37 2581295
2 0849 20.74 22.17 12.58 2595195
1 0828 59.05 121.48 16.24 2420081
1 0850 59.05 121.48 17.51 2442081
2 0850 20.76 22.17 11.05 2595495
1 0851 59.06 121.48 18.70 2443081
2 0815 20.76 22.10 10.12 2581595
2 0851 20.76 22.17 9.94 2595795
1 0829 59.05 121.48 16.06 2421081
1 0852 59.07 121.48 20.66 2444081
2 0852 20.76 22.17 11.82 2596095
1 0853 59.04 121.48 16.74 2445581
2 0817 20.77 22.10 10.03 2582445
2 0853 20.76 22.17 12.33 2596395
1 0854 59.06 121.48 18.53 2446581
2 0854 20.78 22.24 10.62 2596695
1 0832 59.06 121.48 20.23 2424081
1 0855 59.05 121.48 20.32 2447581
2 0818 20.78 22.10 12.16 2582795
2 0855 20.76 22.17 9.94 2597045
2 0856 20.76 22.21 9.94 2597345
2 0823 20.78 22.10 12.16 2584795
2 0857 20.76 22.24 10.88 2597645
1 0858 59.05 121.48 17.08 2450581
1 0839 59.07 121.48 20.06 2431081
2 0858 20.76 22.24 12.50 2597945
2 0824 20.76 22.10 10.71 2585145
1 0859 59.06 121.48 15.64 2451581
1 0840 59.07 121.48 19.30 2432081
2 0859 20.77 22.17 11.22 2598245
2 0825 20.76 22.10 12.24 2585445
1 0860 59.06 121.48 16.74 2452581
2 0860 20.76 22.24 10.03 2598545
1 0861 59.05 121.48 18.78 2453581
1 0856 59.06 121.48 19.55 2448581
2 0861 20.76 22.24 11.56 2598845
2 0862 20.76 22.24 12.33 2599145
1 0863 59.03 121.48 19.38 2455581
1 0857 59.06 121.48 18.53 2449581
2 0863 20.76 22.24 11.39 2599445
1 0864 59.05 121.48 18.53 2456581
2 0864 20.76 22.24 10.03 2599795
2 0826 20.77 22.10 10.37 2585995
1 0865 59.05 121.48 16.40 2457581
1 0862 59.03 121.48 20.40 2454581
2 0865 20.76 22.24 11.05 2600095
1 0866 59.05 121.48 15.73 2458581
2 0827 20.76 22.10 10.46 2586295
1 0867 59.05 121.48 18.87 2460081
2 0828 20.76 22.10 10.03 2586845
2 0867 20.76 22.24 12.24 2600695
2 0868 20.76 22.24 12.41 2600995
2 0837 20.77 22.14 12.58 2590145
1 0869 59.04 121.48 15.90 2462081
1 0868 59.06 121.48 16.83 2461081
2 0869 20.77 22.24 10.20 2601295
1 0870 59.05 121.48 18.96 2463081
2 0840 20.76 22.17 9.94 2591545
2 0870 20.76 22.24 10.46 2601595
1 0872 59.05 121.48 18.87 2465081
2 0872 20.77 22.24 11.48 2602245
2 0845 20.77 22.17 12.58 2593345
1 0873 59.04 121.48 15.81 2466081
2 0873 20.76 22.24 12.33 2602545
1 0871 59.05 121.48 20.57 2464081
1 0874 59.05 121.48 17.17 2467081
2 0874 20.76 22.24 11.31 2602845
2 0847 20.76 22.17 11.48 2594245
2 0875 20.76 22.24 9.69 2603145
2 0866 20.77 22.24 9.69 2600395
1 0876 59.05 121.48 20.40 2469081
2 0876 20.76 22.24 11.48 2603445
1 0877 59.04 121.48 20.23 2470081
1 0875 59.04 121.48 18.19 2468081
2 0877 20.76 22.24 12.58 2603745
1 0878 59.05 121.48 18.36 2471081
2 0878 20.76 22.24 11.22 2604045
1 0879 59.03 121.48 15.98 2472081
2 0879 20.77 22.28 10.12 2604345
2 0880 20.76 22.28 11.99 2604695
1 0881 59.04 121.48 17.94 2474581
1 0880 59.04 121.48 19.21 2473581
2 0881 20.76 22.24 12.24 2604995
2 0871 20.77 22.24 12.58 2601895
2 0882 20.76 22.28 12.16 2605295
1 0883 59.04 121.48 15.73 2476581
2 0883 20.76 22.24 11.65 2605595
1 0884 59.05 121.48 18.19 2477581
2 0884 20.76 22.24 10.28 2605895
1 0882 59.04 121.48 16.49 2475581
1 0885 59.07 121.48 20.66 2478581
1 0886 59.04 121.48 19.12 2479583
1 0887 59.04 121.48 17.51 2480581
2 0885 20.77 22.24 10.80 2606195
2 0887 20.77 22.24 11.99 2606795
1 0888 59.04 121.48 16.15 2481581
1 0889 59.04 121.48 17.42 2482581
2 0886 20.76 22.31 12.24 2606495
1 0890 59.05 121.48 20.15 2483581
1 0891 59.03 121.48 19.72 2484581
1 0892 59.02 121.48 16.24 2486081
1 0893 59.03 121.48 19.38 2487081
2 0893 20.76 22.24 9.69 2609195
2 0888 20.76 22.24 10.62 2607146
2 0894 20.76 22.31 9.94 2609495
1 0895 59.04 121.48 19.46 2489081
2 0895 20.76 22.28 11.99 2610045
1 0896 59.03 121.48 17.17 2490081
2 0889 20.75 22.28 11.05 2607446
2 0896 20.75 22.28 11.39 2610345
1 0897 59.02 121.48 16.32 2491081
2 0897 20.76 22.31 9.86 2610895
1 0894 59.03 121.48 19.64 2488081
1 0898 59.03 121.48 15.90 2492081
1 0899 59.03 121.48 17.34 2493081
2 0899 20.76 22.31 11.05 2611545
1 0900 59.03 121.48 19.46 2494081
1 0902 59.02 121.48 19.38 2496081
1 0901 59.03 121.48 19.46 2495081
2 0902 20.76 22.31 9.69 2612695
1 0903 59.01 121.48 17.85 2497581
1 0904 59.03 121.48 19.98 2498581
2 0890 20.76 22.31 9.60 2607995
2 0904 20.77 22.31 11.39 2613545
1 0906 59.03 121.48 19.12 2500581
1 0905 59.03 121.48 20.49 2499581
2 0891 20.75 22.28 9.69 2608295
2 0906 20.76 22.31 11.99 2614195
1 0907 59.03 121.48 18.19 2501581
1 0908 59.02 121.48 15.56 2502581
2 0908 20.76 22.31 11.99 2615045
2 0892 20.76 22.31 10.54 2608845
2 0909 20.76 22.31 10.71 2615595
1 0909 59.01 121.48 16.66 2503581
1 0910 59.03 121.48 18.10 2504581
1 0914 59.01 121.48 17.68 2508581
1 0911 59.03 121.48 18.53 2505581
2 0914 20.75 22.31 11.14 2617395
1 0915 59.02 121.48 16.49 2509581
2 0898 20.78 22.28 12.33 2611195
1 0917 59.02 121.48 18.96 2511581
2 0900 20.76 22.31 12.41 2611845
2 0917 20.76 22.31 12.07 2618595
1 0912 59.03 121.48 20.66 2506581
2 0918 20.76 22.31 12.75 2618895
1 0919 59.03 121.48 19.38 2513581
1 0913 59.01 121.48 19.89 2507581
2 0919 20.77 22.31 11.22 2619445
1 0920 59.03 121.48 18.70 2514581
2 0920 20.76 22.31 11.39 2619745
2 0901 20.76 22.31 9.94 2612395
1 0921 59.02 121.48 17.00 2515581
1 0916 59.02 121.48 16.92 2510581
2 0921 20.76 22.31 9.86 2620295
1 0922 59.01 121.48 15.30 2516581
2 0903 20.77 22.31 11.31 2613245
2 0922 20.77 22.31 10.28 2620595
1 0918 59.03 121.48 20.74 2512581
1 0923 59.00 121.48 19.38 2518081
1 0924 59.01 121.48 15.64 2519081
2 0905 20.76 22.31 12.41 2613895
1 0925 59.01 121.48 16.92 2520081
1 0927 59.01 121.48 19.89 2522082
2 0907 20.77 22.31 12.41 2614745
2 0927 20.76 22.31 12.41 2622645
1 0928 58.99 121.48 17.60 2523581
1 0929 59.01 121.48 18.62 2524581
1 0926 59.03 121.48 18.02 2521081
2 0929 20.76 22.31 10.46 2623295
2 0910 20.76 22.31 10.88 2615895
2 0930 20.76 22.31 11.82 2623595
1 0931 59.01 121.48 19.55 2526581
2 0911 20.76 22.31 9.94 2616245
2 0931 20.76 22.31 9.60 2624145
1 0932 59.03 121.48 18.53 2527581
2 0932 20.75 22.31 9.94 2624445
1 0933 59.00 121.48 17.85 2528581
2 0912 20.76 22.31 10.03 2616545
2 0933 20.76 22.31 9.52 2624995
1 0934 59.01 121.48 15.39 2529581
2 0934 20.76 22.31 11.05 2625295
1 0930 59.01 121.48 20.57 2525581
1 0935 59.01 121.48 16.74 2530581
2 0913 20.76 22.31 10.71 2617095
2 0936 20.76 22.31 11.14 2625945
1 0937 59.01 121.48 19.38 2532581
2 0937 20.77 22.31 12.67 2626495
1 0938 59.00 121.48 17.60 2534081
1 0936 59.03 121.48 18.53 2531581
2 0938 20.75 22.24 12.50 2626795
1 0939 59.01 121.48 19.21 2535081
2 0939 20.76 22.28 11.90 2627345
2 0915 20.76 22.31 12.24 2617945
1 0940 58.99 121.48 19.80 2536081
2 0940 20.76 22.28 11.82 2627645
1 0941 59.01 121.48 19.89 2537081
2 0916 20.76 22.31 11.99 2618245
2 0941 20.75 22.28 10.28 2627995
1 0942 59.00 121.48 19.04 2538081
1 0943 59.01 121.48 17.17 2539081
2 0923 20.76 22.31 10.80 2620945
1 0944 59.00 121.48 15.90 2540081
2 0944 20.75 22.24 9.78 2629145
1 0945 59.02 121.48 16.58 2541081
2 0924 20.76 22.31 9.44 2621245
1 0946 59.01 121.48 17.34 2542081
2 0925 20.76 22.31 11.90 2621795
1 0948 59.00 121.48 20.49 2544081
2 0948 20.76 22.24 11.56 2630645
2 0926 20.76 22.31 12.07 2622095
1 0949 59.01 121.48 19.38 2545081
1 0947 59.01 121.48 19.38 2543081
2 0949 20.76 22.24 12.67 2631195
1 0950 59.01 121.48 15.73 2546081
2 0928 20.76 22.31 11.90 2622945
1 0951 59.00 121.48 17.76 2547082
2 0951 20.76 22.21 11.05 2632045
1 0952 58.98 121.48 15.64 2548581
1 0953 59.01 121.48 17.26 2549581
2 0953 20.76 22.24 9.78 2632695
2 0954 20.76 22.24 10.20 2632995
2 0935 20.76 22.31 12.41 2625645
2 0955 20.76 22.17 10.03 2633545
1 0956 59.01 121.48 18.87 2552581
1 0954 59.01 121.48 19.80 2550581
2 0956 20.76 22.17 10.46 2633845
2 0942 20.76 22.28 11.39 2628295
2 0957 20.76 22.17 11.99 2634395
1 0958 59.01 121.48 16.24 2554581
1 0955 59.01 121.48 20.49 2551581
2 0958 20.77 22.17 11.82 2634695
1 0959 59.02 121.48 16.92 2555581
2 0959 20.75 22.17 12.07 2635045
2 0943 20.76 22.24 9.52 2628845
1 0960 59.01 121.48 18.70 2556581
1 0957 59.00 121.48 17.26 2553581
2 0960 20.76 22.17 12.41 2635345
1 0961 59.01 121.48 20.91 2557581
2 0945 20.76 22.24 11.31 2629695
1 0962 58.99 121.48 17.68 2559081
1 0963 58.98 121.48 19.98 2560081
2 0963 20.76 22.17 10.03 2636745
2 0946 20.76 22.24 11.05 2629995
2 0964 20.76 22.17 10.71 2637045
1 0965 59.00 121.48 18.53 2562081
2 0965 20.76 22.14 10.54 2637395
2 0947 20.76 22.24 12.33 2630345
2 0966 20.75 22.17 9.69 2637695
1 0967 59.00 121.48 16.40 2564081
1 0964 59.01 121.48 20.49 2561081
2 0967 20.75 22.17 11.82 2638245
1 0968 59.01 121.48 17.00 2565081
2 0968 20.74 22.14 11.73 2638545
1 0969 58.99 121.48 19.12 2566081
2 0950 20.76 22.24 12.50 2631496
2 0969 20.76 22.14 12.75 2639095
1 0970 58.99 121.48 20.57 2567081
2 0970 20.76 22.10 12.33 2639395
1 0971 59.00 121.48 19.64 2568081
2 0952 20.76 22.24 11.22 2632345
2 0971 20.75 22.10 11.73 2639745
1 0972 59.00 121.48 19.30 2569081
2 0972 20.76 22.14 12.84 2640045
1 0966 58.99 121.48 16.24 2563081
1 0973 59.00 121.48 20.32 2570081
2 0973 20.76 22.14 10.80 2640595
2 0974 20.74 22.14 10.88 2640895
1 0974 59.01 121.48 15.64 2571081
1 0975 59.01 121.48 16.40 2572081
2 0975 20.76 22.10 9.78 2641445
2 0961 20.76 22.17 11.90 2635895
2 0976 20.74 22.10 10.20 2641845
2 0962 20.75 22.17 11.65 2636195
2 0977 20.75 22.10 12.33 2642145
1 0978 59.00 121.48 19.64 2575081
1 0976 58.99 121.48 17.08 2573082
2 0978 20.75 22.10 11.99 2642445
1 0979 59.00 121.48 20.40 2576081
2 0979 20.74 22.10 10.46 2642745
1 0980 58.98 121.48 16.66 2577581
2 0980 20.75 22.10 10.80 2643045
1 0981 58.99 121.48 18.28 2578581
2 0981 20.74 22.10 12.24 2643345
1 0982 58.99 121.48 18.62 2579581
2 0982 20.75 22.10 11.39 2643695
1 0983 59.00 121.48 20.49 2580581
2 0983 20.75 22.10 12.67 2643995
1 0984 58.99 121.48 19.98 2581581
2 0984 20.76 22.10 11.48 2644295
1 0985 58.99 121.48 18.78 2582581
1 0977 58.99 121.48 17.34 2574081
2 0985 20.76 22.10 9.52 2644595
1 0986 58.99 121.48 18.19 2583581
2 0986 20.75 22.10 11.65 2644895
1 0987 58.99 121.48 15.73 2584581
2 0987 20.74 22.10 12.75 2645195
1 0988 58.99 121.48 17.00 2585581
2 0988 20.75 22.10 10.71 2645495
1 0989 58.99 121.48 18.96 2586581
2 0989 20.75 22.10 9.60 2645795
1 0990 58.98 121.48 20.57 2587581
2 0990 20.75 22.10 12.07 2646145
1 0991 58.97 121.48 19.64 2589581
1 0992 58.99 121.48 17.51 2590581
2 0991 20.74 22.10 10.54 2646445
1 0993 58.98 121.48 15.90 2591581
2 0993 20.75 22.10 11.82 2647045
2 0992 20.75 22.10 11.99 2646745
1 0994 58.97 121.48 16.83 2592581
1 0995 58.98 121.48 18.53 2593581
2 0994 20.76 22.10 10.46 2647345
1 0996 58.98 121.48 20.40 2594581
2 0996 20.74 22.07 12.07 2647945
2 0995 20.75 22.10 10.37 2647645
2 0997 20.76 22.10 11.48 2648245
1 0998 58.97 121.48 17.85 2596581
2 0998 20.75 22.10 9.86 2648545
1 0999 58.99 121.48 15.90 2597581
2 0999 20.76 22.10 10.88 2648895
1 1000 58.97 121.48 17.17 2598581
1 0997 58.97 121.48 20.06 2595581
2 1000 20.75 22.07 9.52 2649195
