1 0001 66.43 121.48 4.16 1350413
1 0002 66.45 121.48 4.16 1350913
2 0002 23.48 22.03 4.34 1391013
2 0001 23.48 22.03 4.68 1390713
1 0004 66.45 121.48 4.25 1351813
2 0004 23.47 22.03 4.76 1391613
1 0005 66.42 121.48 4.34 1352213
2 0003 23.48 22.07 4.08 1391313
2 0005 23.48 22.03 4.50 1391913
1 0003 66.43 121.48 4.25 1351313
2 0006 23.47 22.07 4.16 1392213
2 0007 23.48 22.03 4.42 1392813
1 0008 66.44 121.48 4.34 1353613
2 0008 23.46 22.07 4.25 1393313
2 0009 23.47 22.07 4.42 1393613
1 0010 66.45 121.48 4.08 1354513
2 0010 23.47 22.10 4.16 1393913
1 0006 66.46 121.48 4.42 1352713
1 0011 66.41 121.48 3.66 1354913
2 0011 23.48 22.10 4.76 1394213
2 0012 23.46 22.10 4.59 1394513
1 0013 66.41 121.48 3.82 1355813
2 0013 23.48 22.10 4.16 1394813
1 0014 66.44 121.48 3.66 1356313
2 0014 23.48 22.10 4.59 1395113
1 0015 66.41 121.48 3.91 1356713
2 0015 23.48 22.10 4.68 1395413
1 0016 66.43 121.48 3.74 1357213
2 0016 23.48 22.10 4.16 1395713
1 0017 66.41 121.48 4.00 1357613
2 0017 23.47 22.10 4.34 1396013
1 0018 66.44 121.48 3.91 1358113
2 0018 23.48 22.03 4.68 1396613
1 0019 66.41 121.48 4.34 1358513
2 0019 23.45 22.10 4.00 1397113
1 0020 66.44 121.48 4.25 1359013
2 0020 23.47 22.07 4.08 1397413
1 0021 66.41 121.48 4.16 1359413
2 0021 23.46 22.03 4.76 1397713
2 0022 23.46 22.03 4.59 1398013
1 0023 66.39 121.48 4.25 1360313
2 0023 23.48 22.03 4.16 1398313
2 0024 23.47 22.03 4.59 1398613
1 0025 66.41 121.48 4.25 1361213
2 0025 23.47 22.03 4.59 1398913
1 0007 66.41 121.48 4.34 1353113
1 0026 66.43 121.48 4.42 1361713
2 0026 23.46 22.03 4.25 1399213
1 0027 66.40 121.48 4.68 1362113
2 0027 23.47 22.03 4.16 1399513
1 0028 66.43 121.48 4.68 1362613
2 0028 23.47 22.03 4.76 1399813
1 0029 66.39 121.48 4.68 1363013
1 0009 66.42 121.48 3.91 1354013
1 0030 66.43 121.48 4.59 1363513
2 0030 23.46 22.03 4.76 1400913
1 0031 66.39 121.48 4.85 1363913
1 0012 66.44 121.48 3.74 1355413
1 0032 66.42 121.48 5.02 1364413
2 0032 23.47 22.03 4.59 1401513
2 0029 23.47 22.03 4.25 1400413
2 0033 23.47 22.03 4.25 1401813
1 0034 66.42 121.48 4.85 1365313
2 0034 23.46 22.03 4.42 1402113
1 0035 66.39 121.48 4.76 1365713
2 0035 23.47 22.00 4.68 1402413
2 0031 23.47 22.03 4.68 1401213
1 0036 66.41 121.48 4.76 1366213
1 0022 66.43 121.48 4.25 1359913
1 0037 66.39 121.48 4.34 1366613
1 0038 66.43 121.48 4.59 1367113
2 0038 23.48 22.00 4.76 1403313
1 0039 66.39 121.48 4.16 1367513
2 0039 23.48 21.96 4.34 1403613
1 0040 66.42 121.48 4.59 1368013
2 0036 23.48 22.03 4.34 1402713
1 0024 66.43 121.48 4.25 1360813
1 0041 66.39 121.48 4.08 1368413
2 0041 23.46 21.96 4.50 1404713
2 0037 23.48 22.00 4.00 1403013
1 0042 66.43 121.48 4.16 1368913
2 0042 23.47 22.00 4.68 1405013
1 0043 66.39 121.48 4.00 1369313
1 0033 66.40 121.48 4.85 1364813
2 0043 23.47 22.03 4.25 1405313
1 0044 66.42 121.48 4.00 1369813
2 0040 23.47 22.00 4.00 1404213
2 0044 23.47 22.03 4.16 1405613
1 0045 66.38 121.48 4.08 1370213
2 0045 23.47 22.00 4.68 1405913
1 0046 66.43 121.48 4.16 1370713
2 0046 23.48 22.00 4.34 1406213
2 0047 23.48 22.03 4.00 1406513
1 0049 66.39 121.48 4.16 1372013
2 0048 23.48 22.03 4.76 1406813
1 0047 66.38 121.48 4.00 1371113
2 0049 23.49 22.00 4.42 1407113
1 0050 66.43 121.48 4.16 1372513
2 0050 23.48 22.00 4.16 1407413
1 0051 66.40 121.48 4.34 1372913
2 0051 23.47 22.03 4.76 1408013
2 0052 23.46 22.00 3.82 1408513
1 0048 66.41 121.48 4.08 1371613
2 0053 23.46 22.03 4.00 1408813
1 0054 66.42 121.48 4.34 1374313
2 0054 23.46 22.03 4.16 1409113
1 0055 66.39 121.48 4.50 1374713
2 0055 23.47 22.03 4.93 1409413
2 0056 23.47 22.00 4.42 1409713
1 0057 66.39 121.48 4.59 1375613
2 0057 23.47 22.03 4.00 1410013
1 0058 66.42 121.48 4.42 1376113
2 0058 23.47 22.03 4.76 1410313
1 0059 66.39 121.48 4.85 1376513
2 0059 23.47 22.03 4.50 1410613
1 0060 66.41 121.48 4.59 1377013
2 0060 23.47 22.03 4.00 1410913
1 0052 66.41 121.48 4.42 1373413
1 0061 66.38 121.48 4.50 1377413
2 0061 23.48 22.00 4.85 1411213
1 0062 66.42 121.48 4.59 1377913
2 0062 23.47 21.96 4.50 1411813
2 0063 23.46 22.00 4.76 1412313
1 0053 66.38 121.48 4.34 1373813
1 0064 66.41 121.48 4.68 1378813
1 0056 66.41 121.48 4.34 1375213
1 0065 66.39 121.48 4.76 1379213
2 0065 23.45 21.96 4.68 1412913
1 0066 66.41 121.48 4.68 1379713
2 0064 23.45 21.96 4.00 1412613
2 0066 23.46 21.96 4.42 1413213
1 0063 66.39 121.48 4.68 1378313
1 0067 66.38 121.48 4.76 1380113
2 0067 23.47 21.96 4.00 1413513
1 0069 66.38 121.48 4.59 1381013
2 0069 23.46 21.96 4.42 1414113
1 0068 66.41 121.48 4.68 1380613
2 0068 23.46 21.96 4.76 1413813
1 0070 66.42 121.48 4.85 1381513
2 0070 23.47 21.96 4.08 1414413
2 0071 23.48 21.96 4.85 1414713
2 0072 23.47 21.96 4.50 1415013
1 0073 66.39 121.48 4.08 1382813
2 0073 23.46 21.96 4.08 1415613
1 0074 66.41 121.48 4.34 1383313
2 0074 23.45 21.96 4.59 1416113
2 0075 23.47 21.96 4.76 1416413
2 0076 23.46 21.96 4.00 1416713
1 0077 66.37 121.48 4.08 1384613
2 0077 23.47 22.00 3.91 1417013
1 0071 66.38 121.48 4.42 1381913
2 0078 23.46 22.03 4.76 1417313
2 0079 23.46 22.03 4.50 1417613
1 0080 66.40 121.48 4.08 1386013
1 0072 66.42 121.48 4.76 1382413
1 0081 66.39 121.48 4.16 1386413
2 0080 23.47 22.07 4.08 1417913
2 0081 23.47 22.10 4.76 1418213
1 0082 66.41 121.48 4.08 1386913
1 0075 66.37 121.48 3.91 1383713
2 0082 23.47 22.10 4.50 1418513
2 0083 23.46 22.10 4.16 1418813
1 0084 66.41 121.48 4.25 1387813
2 0084 23.47 22.14 4.59 1419413
1 0085 66.38 121.48 4.42 1388213
2 0085 23.46 22.17 4.25 1419913
2 0086 23.46 22.17 4.42 1420213
1 0087 66.39 121.48 4.59 1389113
2 0087 23.47 22.17 4.25 1420513
2 0088 23.46 22.17 4.76 1420813
1 0076 66.42 121.48 3.74 1384213
2 0089 23.46 22.21 4.42 1421113
1 0090 66.41 121.48 4.50 1390513
2 0090 23.46 22.21 4.00 1421413
1 0091 66.38 121.48 4.50 1390913
2 0091 23.46 22.21 4.68 1421713
1 0092 66.41 121.48 4.59 1391413
2 0092 23.47 22.24 4.59 1422013
1 0093 66.37 121.48 4.85 1391813
2 0093 23.46 22.24 4.25 1422313
1 0078 66.41 121.48 4.08 1385113
2 0094 23.48 22.24 4.25 1422613
1 0095 66.37 121.48 4.76 1392713
1 0079 66.37 121.48 4.16 1385513
2 0095 23.47 22.24 4.68 1423213
2 0096 23.45 22.24 4.08 1423713
1 0097 66.37 121.48 4.85 1393613
2 0097 23.46 22.24 4.16 1424013
1 0098 66.40 121.48 4.59 1394113
2 0098 23.46 22.24 4.68 1424313
1 0083 66.38 121.48 4.50 1387313
1 0100 66.41 121.48 4.76 1395013
2 0100 23.46 22.24 3.91 1424913
1 0101 66.39 121.48 4.34 1395413
2 0101 23.46 22.24 4.34 1425213
2 0099 23.46 22.24 4.59 1424613
1 0102 66.40 121.48 4.93 1395913
2 0102 23.46 22.24 4.68 1425513
1 0103 66.39 121.48 4.42 1396313
2 0103 23.47 22.24 4.25 1425813
1 0104 66.41 121.48 4.76 1396813
1 0086 66.40 121.48 4.42 1388713
2 0105 23.47 22.24 4.68 1426413
2 0104 23.47 22.24 4.00 1426113
1 0107 66.38 121.48 4.08 1398113
1 0088 66.39 121.48 4.50 1389613
1 0108 66.41 121.48 4.16 1398613
2 0106 23.46 22.24 4.34 1426713
2 0108 23.44 22.21 4.50 1427813
1 0089 66.38 121.48 4.59 1390013
2 0109 23.45 22.24 4.25 1428113
1 0110 66.39 121.48 4.00 1399513
2 0107 23.46 22.21 4.00 1427313
2 0110 23.45 22.24 4.42 1428513
1 0111 66.37 121.48 4.08 1399913
2 0111 23.46 22.21 4.25 1429013
1 0112 66.40 121.48 4.00 1400413
2 0112 23.44 22.21 4.42 1429513
1 0113 66.37 121.48 4.16 1400813
2 0113 23.46 22.21 4.68 1429813
1 0094 66.40 121.48 4.34 1392313
1 0114 66.39 121.48 4.08 1401313
2 0114 23.46 22.24 4.08 1430113
1 0115 66.38 121.48 4.34 1401713
1 0096 66.39 121.48 4.68 1393213
1 0116 66.39 121.48 4.08 1402213
2 0115 23.47 22.17 4.08 1430413
2 0116 23.46 22.24 4.68 1430713
2 0117 23.47 22.21 4.42 1431013
1 0118 66.40 121.48 4.16 1403113
2 0118 23.46 22.21 3.91 1431313
1 0099 66.39 121.48 4.85 1394513
2 0119 23.48 22.24 4.76 1431613
1 0120 66.40 121.48 4.25 1404013
1 0105 66.37 121.48 4.16 1397213
2 0120 23.47 22.17 4.50 1431913
1 0121 66.39 121.48 4.50 1404413
2 0121 23.46 22.17 4.08 1432213
1 0106 66.39 121.48 4.42 1397713
1 0122 66.39 121.48 4.42 1404913
2 0122 23.46 22.17 4.59 1432813
2 0123 23.45 22.17 4.08 1433313
1 0124 66.39 121.48 4.50 1405813
2 0124 23.45 22.17 4.50 1433613
1 0109 66.39 121.48 4.08 1399013
1 0125 66.37 121.48 4.68 1406213
2 0125 23.45 22.17 4.08 1433913
1 0126 66.40 121.48 4.59 1406713
2 0126 23.46 22.17 4.68 1434213
1 0127 66.37 121.48 4.68 1407113
1 0117 66.38 121.48 4.42 1402613
2 0127 23.46 22.17 4.59 1434513
1 0128 66.39 121.48 4.76 1407613
2 0128 23.46 22.17 4.16 1434813
1 0119 66.37 121.48 4.50 1403513
1 0129 66.37 121.48 4.68 1408013
2 0129 23.46 22.17 3.91 1435113
1 0123 66.37 121.48 4.42 1405313
2 0130 23.46 22.17 4.68 1435413
1 0131 66.37 121.48 4.85 1408913
2 0131 23.46 22.17 4.42 1435713
1 0132 66.39 121.48 4.85 1409413
2 0132 23.47 22.17 4.00 1436013
1 0133 66.36 121.48 4.76 1409813
1 0130 66.38 121.48 4.76 1408513
2 0133 23.46 22.17 4.76 1436613
1 0134 66.39 121.48 4.93 1410313
2 0134 23.45 22.21 4.08 1437113
1 0135 66.37 121.48 4.34 1410713
2 0135 23.45 22.17 4.42 1437413
1 0136 66.41 121.48 4.85 1411213
2 0137 23.45 22.21 4.76 1438013
2 0138 23.45 22.21 4.42 1438313
2 0136 23.46 22.24 3.74 1437713
1 0139 66.36 121.48 4.00 1412513
2 0139 23.46 22.17 4.08 1438613
1 0140 66.40 121.48 4.25 1413013
1 0141 66.37 121.48 4.00 1413413
2 0141 23.45 22.21 4.68 1439213
1 0137 66.38 121.48 4.25 1411613
2 0142 23.46 22.24 4.25 1439513
2 0140 23.46 22.21 4.76 1438913
2 0143 23.46 22.21 4.16 1439814
1 0138 66.41 121.48 4.68 1412113
2 0144 23.46 22.21 4.76 1440413
1 0145 66.36 121.48 4.08 1415213
2 0145 23.43 22.24 3.91 1440913
1 0142 66.39 121.48 4.00 1413913
1 0146 66.39 121.48 4.08 1415713
2 0146 23.46 22.24 4.25 1441213
1 0147 66.36 121.48 4.34 1416113
2 0147 23.45 22.24 4.00 1441513
1 0148 66.38 121.48 4.34 1416613
2 0148 23.45 22.24 4.68 1441813
1 0149 66.35 121.48 4.00 1417013
2 0149 23.45 22.24 4.34 1442113
1 0150 66.39 121.48 4.25 1417513
2 0150 23.44 22.24 4.00 1442413
1 0151 66.35 121.48 4.76 1418014
2 0151 23.45 22.24 4.76 1442713
1 0152 66.37 121.48 4.68 1418513
2 0152 23.44 22.24 4.34 1443013
2 0153 23.45 22.24 4.08 1443314
1 0154 66.35 121.48 4.68 1419513
1 0143 66.36 121.48 4.08 1414313
2 0154 23.46 22.24 4.16 1443913
2 0155 23.44 22.24 4.08 1444413
1 0156 66.37 121.48 4.00 1420413
2 0156 23.44 22.24 4.59 1444713
2 0157 23.44 22.24 4.25 1445013
1 0158 66.38 121.48 4.08 1421313
2 0158 23.45 22.24 4.25 1445313
1 0159 66.35 121.48 3.91 1421713
1 0144 66.40 121.48 4.00 1414813
2 0159 23.45 22.24 4.59 1445613
2 0160 23.44 22.24 4.34 1445913
2 0161 23.46 22.24 3.66 1446213
1 0162 66.37 121.48 4.34 1423113
2 0162 23.47 22.24 4.76 1446513
1 0153 66.32 121.48 4.25 1419113
1 0164 66.38 121.48 4.85 1424013
2 0164 23.45 22.24 4.59 1447113
1 0165 66.32 121.48 4.76 1424513
2 0165 23.46 22.21 4.50 1447713
1 0155 66.33 121.48 4.00 1419913
1 0166 66.36 121.48 4.59 1425013
2 0166 23.44 22.24 4.25 1448213
2 0163 23.45 22.24 4.42 1446813
1 0167 66.33 121.48 4.76 1425413
2 0167 23.44 22.17 4.59 1448514
1 0168 66.37 121.48 4.93 1425913
2 0168 23.45 22.17 4.08 1275813
2 0169 23.52 21.90 4.00 1276113
1 0170 66.37 121.48 4.16 1426813
2 0170 23.54 21.90 4.76 1276413
1 0171 66.34 121.48 4.00 1427213
2 0171 23.54 21.90 4.59 1276713
1 0172 66.38 121.48 4.08 1427713
2 0172 23.54 21.90 4.08 1277013
2 0173 23.53 21.90 4.59 1277313
1 0174 66.37 121.48 4.25 1428613
2 0174 23.54 21.90 4.08 1277613
1 0175 66.34 121.48 4.59 1429013
2 0175 23.54 21.90 4.25 1277913
1 0176 66.37 121.48 4.34 1429513
2 0176 23.54 21.90 4.08 1278213
1 0177 66.35 121.48 4.50 1429913
1 0157 66.33 121.48 4.16 1420813
2 0177 23.54 21.90 4.76 1278513
1 0179 66.35 121.48 4.50 1430813
2 0179 23.53 21.90 4.68 1279613
1 0180 66.37 121.48 4.68 1431313
2 0178 23.54 21.90 4.42 1279113
2 0180 23.53 21.90 2.64 1279913
1 0181 66.34 121.48 4.59 1431714
1 0160 66.37 121.48 4.16 1422213
2 0181 23.53 21.90 4.59 1280213
1 0182 66.32 121.48 4.68 1432113
2 0182 23.54 21.90 4.25 1280513
1 0183 66.35 121.48 4.68 1432613
2 0183 23.54 21.90 3.91 1280813
1 0184 66.31 121.48 4.08 1433113
2 0184 23.54 21.90 4.59 1281113
2 0185 23.54 21.90 4.68 1281413
1 0161 66.34 121.48 4.42 1422613
2 0187 23.54 21.90 3.91 1282313
1 0188 66.33 121.48 4.76 1434713
2 0186 23.53 21.90 4.16 1281813
1 0163 66.35 121.48 4.50 1423513
1 0189 66.35 121.48 4.76 1435213
2 0189 23.53 21.90 4.50 1283113
2 0188 23.52 21.90 4.25 1282813
1 0190 66.33 121.48 4.68 1435613
2 0190 23.53 21.90 4.16 1283413
1 0169 66.35 121.48 3.91 1426313
2 0191 23.53 21.90 4.00 1283713
1 0192 66.32 121.48 4.08 1436513
2 0192 23.52 21.90 4.50 1284013
1 0193 66.37 121.48 4.25 1437013
2 0193 23.52 21.90 4.34 1284313
1 0194 66.33 121.48 3.82 1437413
1 0173 66.33 121.48 4.25 1428113
2 0194 23.52 21.90 4.00 1284613
1 0195 66.35 121.48 3.91 1437913
2 0195 23.52 21.90 4.68 1284913
1 0196 66.33 121.48 4.00 1438313
2 0196 23.53 21.90 4.42 1285213
1 0178 66.37 121.48 4.42 1430413
2 0197 23.53 21.90 4.08 1285513
2 0198 23.54 21.90 4.08 1286113
1 0199 66.37 121.48 4.25 1439713
2 0199 23.51 21.90 4.25 1286613
1 0200 66.32 121.48 4.68 1440113
2 0200 23.52 21.90 4.42 1286913
1 0201 66.30 121.48 4.68 1440613
2 0201 23.53 21.90 4.08 1287213
1 0202 66.34 121.48 4.68 1440913
2 0202 23.53 21.90 4.00 1287513
1 0203 66.29 121.48 4.59 1441413
2 0203 23.53 21.90 4.50 1287813
1 0204 66.33 121.48 4.00 1216813
2 0204 23.53 21.90 4.34 1288113
1 0205 66.40 121.48 4.59 1217213
2 0205 23.52 21.90 4.16 1288413
1 0206 66.43 121.48 4.59 1217713
2 0206 23.54 21.90 4.68 1288713
1 0207 66.41 121.48 4.76 1218113
2 0207 23.54 21.90 4.42 1289013
1 0208 66.43 121.48 4.76 1218613
1 0209 66.39 121.48 4.42 1219013
1 0185 66.35 121.48 4.16 1433613
2 0209 23.53 21.90 4.25 1289913
1 0210 66.42 121.48 4.59 1219513
2 0208 23.53 21.90 4.00 1289313
1 0211 66.40 121.48 4.00 1219913
1 0186 66.33 121.48 4.00 1434013
1 0212 66.43 121.48 4.42 1220413
2 0210 23.52 21.90 4.16 1290413
2 0212 23.52 21.90 4.00 1291013
1 0213 66.39 121.48 4.25 1220813
1 0187 66.35 121.48 4.16 1434313
2 0213 23.53 21.93 4.16 1291313
1 0214 66.43 121.48 4.16 1221313
2 0211 23.52 21.90 4.42 1290713
1 0191 66.37 121.48 4.76 1436113
1 0215 66.39 121.48 4.50 1221713
2 0215 23.53 21.96 4.16 1291913
2 0214 23.54 21.90 4.42 1291613
1 0216 66.43 121.48 4.50 1222213
1 0197 66.35 121.48 4.00 1438813
1 0217 66.39 121.48 4.59 1222613
2 0216 23.52 21.90 3.82 1292213
2 0217 23.53 21.93 4.59 1292513
1 0218 66.43 121.48 4.68 1223113
1 0198 66.33 121.48 4.00 1439213
2 0218 23.52 21.93 4.50 1292813
2 0219 23.53 21.90 3.91 1293113
1 0220 66.42 121.48 4.68 1224013
2 0220 23.53 21.90 4.16 1293713
2 0221 23.52 21.96 4.08 1294213
1 0222 66.42 121.48 4.85 1224913
2 0222 23.52 21.93 4.34 1294513
1 0223 66.39 121.48 3.82 1225313
1 0219 66.38 121.48 4.76 1223513
2 0223 23.54 21.90 3.91 1294813
1 0224 66.43 121.48 4.08 1225813
2 0224 23.54 21.90 4.50 1295113
1 0225 66.40 121.48 4.08 1226213
1 0221 66.39 121.48 4.59 1224413
1 0226 66.42 121.48 4.16 1226713
2 0225 23.53 21.90 4.42 1295413
2 0226 23.53 21.90 4.25 1295713
1 0228 66.41 121.48 4.42 1227613
2 0228 23.53 21.96 4.50 1296313
2 0227 23.53 21.93 4.16 1296013
1 0227 66.38 121.48 4.68 1227113
2 0229 23.53 21.96 4.25 1296613
1 0230 66.42 121.48 4.59 1228513
2 0230 23.53 21.96 3.74 1296913
1 0229 66.38 121.48 4.59 1228013
1 0231 66.39 121.48 4.50 1228913
2 0232 23.51 21.96 3.74 1298013
1 0232 66.43 121.48 4.68 1229413
1 0233 66.38 121.48 4.76 1229813
2 0231 23.54 21.96 4.50 1297513
2 0233 23.52 21.96 3.91 1298313
1 0235 66.38 121.48 4.08 1230713
2 0234 23.54 22.00 3.57 1298613
2 0235 23.52 22.03 4.25 1298913
1 0236 66.42 121.48 4.16 1231213
1 0234 66.43 121.48 4.85 1230313
2 0236 23.52 22.03 4.00 1299213
1 0237 66.38 121.48 4.08 1231613
2 0237 23.54 22.03 3.57 1299513
1 0238 66.41 121.48 4.08 1232113
2 0238 23.53 22.03 4.08 1299813
2 0239 23.53 22.03 4.08 1300113
1 0241 66.38 121.48 4.59 1233413
1 0239 66.38 121.48 4.25 1232513
2 0240 23.54 22.07 3.74 1300413
1 0242 66.40 121.48 4.50 1233913
2 0241 23.53 22.10 3.57 1300713
2 0242 23.54 22.10 4.08 1301313
1 0240 66.41 121.48 4.25 1233013
1 0243 66.38 121.48 4.59 1234313
2 0243 23.51 22.10 3.32 1301813
2 0244 23.54 22.10 3.49 1302113
1 0244 66.43 121.48 4.50 1234813
1 0245 66.39 121.48 4.76 1235213
1 0246 66.40 121.48 4.76 1235713
2 0246 23.54 22.10 3.74 1302713
1 0247 66.38 121.48 4.16 1236113
2 0245 23.53 22.10 3.66 1302413
2 0248 23.53 22.10 3.40 1303313
2 0247 23.54 22.10 3.74 1303013
1 0249 66.39 121.48 4.00 1237013
2 0249 23.53 22.10 4.08 1303613
1 0250 66.41 121.48 4.00 1237513
2 0250 23.53 22.10 3.91 1303913
1 0248 66.41 121.48 4.25 1236613
1 0251 66.39 121.48 4.34 1237913
1 0252 66.33 121.48 4.50 1463513
1 0254 66.42 121.48 4.42 1239313
1 0253 66.38 121.48 4.42 1238813
2 0254 23.52 22.10 3.82 1305613
2 0251 23.53 22.10 3.49 1304213
1 0255 66.38 121.48 4.68 1239713
2 0255 23.52 22.10 3.40 1305913
1 0256 66.40 121.48 4.59 1240213
1 0257 66.36 121.48 4.76 1465813
1 0258 66.33 121.48 4.76 1466213
1 0259 66.36 121.48 4.85 1466713
2 0252 23.53 22.10 4.16 1304513
2 0253 23.54 22.10 4.00 1305113
2 0259 23.53 22.10 4.00 1307113
2 0260 23.53 22.10 4.08 1307413
2 0256 23.52 22.10 4.16 1306213
1 0260 66.33 121.48 4.25 1467113
1 0261 66.39 121.48 4.42 1242413
2 0257 23.53 22.10 3.82 1306513
1 0262 66.33 121.48 4.00 1468013
1 0263 66.36 121.48 4.08 1468513
2 0258 23.53 22.14 4.08 1306813
2 0261 23.53 22.14 3.74 1307713
1 0264 66.32 121.48 4.08 1468913
2 0264 23.54 22.14 4.34 1308913
2 0265 23.51 22.10 4.76 1309413
1 0266 66.32 121.48 4.34 1469813
2 0262 23.53 22.14 3.74 1308013
1 0265 66.36 121.48 4.08 1469413
1 0267 66.35 121.48 4.34 1470313
1 0268 66.31 121.48 4.50 1470713
2 0268 23.53 22.17 4.25 1310313
2 0269 23.53 22.17 3.91 1310613
1 0269 66.35 121.48 4.68 1471213
2 0263 23.41 22.24 4.25 1481713
2 0270 23.53 22.17 4.59 1310913
1 0271 66.35 121.48 4.76 1472113
2 0271 23.52 22.24 4.42 1311213
1 0272 66.33 121.48 4.76 1472513
2 0272 23.54 22.24 4.00 1311513
1 0273 66.35 121.48 4.76 1473013
2 0266 23.42 22.24 4.34 1482613
2 0273 23.54 22.24 4.16 1311813
1 0274 66.33 121.48 4.68 1473413
1 0270 66.32 121.48 4.68 1471613
2 0274 23.54 22.28 4.50 1312113
1 0275 66.37 121.48 4.50 1473913
2 0275 23.54 22.34 4.25 1312713
2 0276 23.51 22.38 1.62 1313213
2 0278 23.53 22.41 1.70 1313813
1 0279 66.38 121.48 4.59 1250513
2 0279 23.54 22.45 1.70 1314113
1 0280 66.41 121.48 4.42 1251013
2 0280 23.53 22.45 3.91 1314413
1 0276 66.32 121.48 4.08 1474313
2 0281 23.52 22.45 4.25 1314713
1 0282 66.40 121.48 4.68 1251913
2 0282 23.53 22.45 4.00 1315013
2 0267 23.42 22.24 4.59 1482913
1 0277 66.36 121.48 4.42 1249613
2 0283 23.53 22.48 3.74 1315313
2 0284 23.53 22.52 4.42 1315613
1 0278 66.41 121.48 4.42 1250113
1 0286 66.42 121.48 4.76 1253713
2 0277 23.52 22.38 1.87 1313513
2 0286 23.52 22.59 2.98 1316513
1 0281 66.38 121.48 4.68 1251413
2 0287 23.51 22.59 2.30 1317013
2 0285 23.53 22.52 4.00 1315913
2 0288 23.53 22.59 1.02 1317313
1 0283 66.37 121.48 5.02 1252313
1 0289 66.37 121.48 4.25 1255013
2 0289 23.53 22.59 1.19 1317613
1 0290 66.41 121.48 4.16 1255513
2 0290 23.53 22.62 1.44 1317913
1 0291 66.37 121.48 4.34 1255913
1 0292 66.41 121.48 4.16 1256413
2 0292 23.54 22.62 2.04 1318513
1 0293 66.39 121.48 4.50 1256813
2 0291 23.53 22.59 1.87 1318213
2 0294 23.54 22.65 2.72 1319113
1 0295 66.38 121.48 4.68 1257713
2 0293 23.54 22.62 1.87 1318813
2 0296 23.52 22.65 3.74 1319713
1 0297 66.38 121.48 4.76 1258613
1 0284 66.41 121.48 4.85 1252813
2 0297 23.53 22.65 3.82 1320313
2 0295 23.53 22.65 3.14 1319413
1 0285 66.38 121.48 4.42 1253213
2 0298 23.52 22.65 3.74 1320813
1 0299 66.37 121.48 4.42 1259513
2 0299 23.52 22.65 4.00 1321113
1 0287 66.37 121.48 4.00 1254113
2 0300 23.53 22.65 3.49 1321413
1 0302 66.42 121.48 4.00 1260913
2 0302 23.52 22.59 4.00 1322013
1 0303 66.38 121.48 4.25 1261313
2 0301 23.52 22.65 4.16 1321713
2 0303 23.53 22.65 3.66 1322313
1 0304 66.41 121.48 4.00 1261813
1 0288 66.40 121.48 3.82 1254613
2 0304 23.52 22.62 3.91 1322613
1 0305 66.39 121.48 4.34 1262213
2 0305 23.52 22.62 4.08 1322913
1 0294 66.42 121.48 4.42 1257313
1 0306 66.41 121.48 4.34 1262713
2 0306 23.53 22.65 3.74 1323213
1 0307 66.38 121.48 4.42 1263113
2 0307 23.52 22.62 3.74 1323513
1 0308 66.41 121.48 4.50 1263613
1 0296 66.41 121.48 4.50 1258213
2 0308 23.54 22.59 4.08 1324113
1 0309 66.37 121.48 4.68 1264013
2 0309 23.51 22.59 3.23 1324613
1 0310 66.41 121.48 4.76 1264513
2 0310 23.53 22.59 3.49 1324913
1 0311 66.37 121.48 4.85 1264913
2 0311 23.52 22.59 4.08 1325213
1 0312 66.41 121.48 4.59 1265413
2 0312 23.53 22.59 4.00 1325513
2 0313 23.53 22.59 3.66 1325813
2 0314 23.52 22.55 3.74 1326113
1 0315 66.38 121.48 4.08 1266713
2 0315 23.53 22.59 4.08 1326413
2 0316 23.53 22.55 3.91 1326713
1 0317 66.38 121.48 4.25 1267613
2 0317 23.53 22.59 3.57 1327013
1 0298 66.41 121.48 4.68 1259113
1 0318 66.42 121.48 4.08 1268113
2 0318 23.54 22.52 4.08 1327313
1 0319 66.38 121.48 4.25 1268513
2 0319 23.53 22.52 3.82 1327913
1 0320 66.41 121.48 4.16 1269013
2 0320 23.51 22.52 4.08 1328413
1 0321 66.38 121.48 4.34 1269413
2 0321 23.51 22.52 3.82 1328713
1 0322 66.41 121.48 4.42 1269913
2 0322 23.52 22.52 3.49 1329013
1 0323 66.38 121.48 4.50 1270313
2 0323 23.52 22.52 3.74 1329313
1 0324 66.39 121.48 4.50 1270813
1 0300 66.41 121.48 4.59 1260013
2 0325 23.52 22.52 4.08 1329913
1 0326 66.41 121.48 4.68 1271713
2 0326 23.51 22.52 3.40 1330213
2 0324 23.52 22.52 3.66 1329613
1 0327 66.39 121.48 4.76 1272113
2 0327 23.52 22.52 3.23 1330513
1 0328 66.41 121.48 4.76 1272613
2 0328 23.53 22.52 3.91 1330813
1 0301 66.39 121.48 4.00 1260413
2 0329 23.54 22.52 3.74 1331113
2 0330 23.53 22.52 2.72 1331713
2 0331 23.51 22.48 3.82 1332213
2 0332 23.51 22.45 3.74 1332513
1 0333 66.39 121.48 4.08 1274813
2 0333 23.52 22.45 3.74 1332813
1 0334 66.42 121.48 4.00 1275313
2 0334 23.52 22.45 3.57 1333113
1 0335 66.38 121.48 4.34 1275713
2 0335 23.53 22.45 3.91 1333413
1 0336 66.39 121.48 4.16 1276213
2 0336 23.52 22.45 3.74 1333713
2 0337 23.53 22.45 3.49 1334013
1 0338 66.41 121.48 4.34 1277113
2 0338 23.53 22.45 4.08 1334313
1 0339 66.37 121.48 4.42 1277513
2 0339 23.53 22.45 3.82 1334613
1 0340 66.41 121.48 4.42 1278013
2 0340 23.52 22.45 3.32 1334913
1 0313 66.38 121.48 4.68 1265813
2 0341 23.53 22.45 4.00 1335213
1 0342 66.39 121.48 4.42 1278913
2 0342 23.53 22.45 3.91 1335813
1 0343 66.36 121.48 4.50 1279313
2 0343 23.51 22.41 4.16 1336313
1 0344 66.40 121.48 4.76 1279813
2 0344 23.53 22.45 3.49 1336613
1 0346 66.41 121.48 4.68 1280713
2 0346 23.52 22.41 3.82 1337213
2 0347 23.53 22.38 3.23 1337513
2 0345 23.52 22.41 4.08 1336913
1 0348 66.41 121.48 4.16 1281613
2 0348 23.52 22.41 4.00 1337813
1 0314 66.41 121.48 4.85 1266313
1 0349 66.38 121.48 4.00 1282013
2 0349 23.52 22.38 3.91 1338113
2 0350 23.53 22.38 3.49 1338413
1 0351 66.39 121.48 4.08 1282913
2 0351 23.52 22.38 4.08 1338713
1 0352 66.41 121.48 4.16 1283413
2 0352 23.52 22.38 4.00 1339013
1 0353 66.37 121.48 4.34 1283813
2 0353 23.52 22.34 3.66 1339613
1 0354 66.40 121.48 4.25 1284313
2 0354 23.51 22.38 4.00 1340113
2 0355 23.50 22.38 3.91 1340413
1 0356 66.41 121.48 4.42 1285213
2 0356 23.52 22.34 3.74 1340713
1 0316 66.42 121.48 4.25 1267213
1 0357 66.37 121.48 4.59 1285613
2 0357 23.52 22.34 3.57 1341013
1 0358 66.39 121.48 4.16 1286113
2 0358 23.52 22.31 4.08 1341313
1 0325 66.38 121.48 4.68 1271213
2 0359 23.52 22.31 4.00 1341613
1 0360 66.41 121.48 4.76 1287013
2 0360 23.53 22.34 3.57 1341913
1 0361 66.39 121.48 4.34 1287413
2 0361 23.52 22.31 4.00 1342213
1 0362 66.41 121.48 4.59 1287913
2 0362 23.53 22.34 4.00 1342513
1 0363 66.38 121.48 4.42 1288313
2 0363 23.52 22.31 3.82 1342813
1 0364 66.41 121.48 4.76 1288813
2 0364 23.52 22.31 3.74 1343413
1 0365 66.38 121.48 3.91 1289213
2 0365 23.50 22.31 3.82 1343913
1 0366 66.41 121.48 4.25 1289713
2 0366 23.52 22.31 4.08 1344213
1 0367 66.37 121.48 4.00 1290113
2 0367 23.52 22.31 3.57 1344513
1 0368 66.41 121.48 3.66 1290613
2 0368 23.51 22.31 4.08 1344813
1 0369 66.39 121.48 4.08 1291013
2 0369 23.52 22.31 4.25 1345113
1 0370 66.41 121.48 4.08 1291513
2 0370 23.52 22.31 3.74 1345413
1 0371 66.38 121.48 4.25 1291913
2 0371 23.53 22.31 3.74 1345713
2 0372 23.52 22.31 4.00 1346013
2 0373 23.52 22.31 3.82 1346313
1 0374 66.41 121.48 4.42 1293313
2 0374 23.52 22.31 3.57 1346613
1 0375 66.37 121.48 4.50 1293713
2 0375 23.52 22.24 4.16 1347213
1 0376 66.40 121.48 4.42 1294213
1 0329 66.38 121.48 4.68 1273013
1 0377 66.38 121.48 4.59 1294613
2 0377 23.51 22.28 3.74 1348013
2 0376 23.50 22.24 3.57 1347713
2 0378 23.51 22.24 3.57 1348313
1 0379 66.39 121.48 4.68 1295513
2 0379 23.51 22.31 4.08 1348613
2 0380 23.51 22.24 3.74 1348913
1 0381 66.38 121.48 4.85 1296413
2 0381 23.50 22.24 3.66 1349213
1 0330 66.40 121.48 4.93 1273513
1 0382 66.42 121.48 4.59 1296913
2 0382 23.51 22.24 3.82 1349513
1 0383 66.38 121.48 4.34 1297313
2 0383 23.51 22.24 4.00 1349813
1 0384 66.43 121.48 4.68 1297813
2 0384 23.50 22.24 3.57 1350113
1 0331 66.37 121.48 4.42 1273913
1 0385 66.38 121.48 4.08 1298213
2 0385 23.51 22.24 4.08 1350413
1 0386 66.41 121.48 4.34 1298713
2 0386 23.52 22.24 4.08 1351013
2 0387 23.49 22.24 3.57 1351513
1 0388 66.42 121.48 4.00 1299613
2 0388 23.50 22.24 3.57 1351813
1 0389 66.39 121.48 4.16 1300013
2 0389 23.51 22.24 4.08 1352113
1 0390 66.40 121.48 4.08 1300513
2 0390 23.51 22.24 3.91 1352413
2 0391 23.51 22.24 3.74 1352713
2 0392 23.51 22.24 3.82 1353013
1 0393 66.38 121.48 4.08 1301813
2 0393 23.52 22.24 4.25 1353313
1 0332 66.41 121.48 4.08 1274413
2 0394 23.51 22.24 4.00 1353613
1 0395 66.39 121.48 4.50 1302713
2 0395 23.51 22.24 3.32 1353913
2 0396 23.51 22.24 4.34 1354213
1 0397 66.40 121.48 4.50 1303613
2 0397 23.52 22.24 4.08 1354813
2 0398 23.49 22.24 4.34 1355313
1 0399 66.38 121.48 2.21 1304513
2 0399 23.50 22.24 3.66 1355613
1 0400 66.43 121.48 1.19 1305013
2 0400 23.50 22.24 4.42 1355913
2 0401 23.51 22.24 4.08 1356213
1 0337 66.38 121.48 4.34 1276613
1 0402 66.42 121.48 4.42 1305913
2 0402 23.52 22.24 3.49 1356513
1 0403 66.40 121.48 4.34 1306313
1 0341 66.37 121.48 4.68 1278413
2 0403 23.50 22.24 4.16 1356813
1 0404 66.43 121.48 4.50 1306813
2 0404 23.51 22.24 4.00 1357113
2 0405 23.50 22.24 3.57 1357413
1 0406 66.43 121.48 4.08 1307713
1 0345 66.37 121.48 4.85 1280213
2 0406 23.51 22.24 3.91 1357713
1 0407 66.41 121.48 2.89 1308113
2 0407 23.51 22.24 4.08 1358013
1 0408 66.44 121.48 2.21 1308613
2 0408 23.51 22.24 3.74 1358613
1 0409 66.41 121.48 3.66 1309013
1 0347 66.38 121.48 4.00 1281113
1 0411 66.40 121.48 2.64 1309913
2 0411 23.50 22.24 4.08 1359713
2 0412 23.50 22.24 3.82 1360013
1 0350 66.41 121.48 3.91 1282513
1 0413 66.40 121.48 3.82 1310813
2 0413 23.50 22.24 3.82 1360313
1 0414 66.44 121.48 4.08 1311313
2 0414 23.50 22.24 4.34 1360613
1 0415 66.41 121.48 3.91 1311713
1 0355 66.39 121.48 4.34 1284713
2 0415 23.50 22.24 4.00 1360913
1 0416 66.43 121.48 3.82 1312213
2 0409 23.49 22.24 4.16 1359113
1 0417 66.41 121.48 3.91 1312613
2 0417 23.50 22.24 4.34 1361513
1 0418 66.44 121.48 4.08 1313113
2 0410 23.50 22.24 4.08 1359413
2 0418 23.50 22.21 4.08 1361813
1 0419 66.41 121.48 4.08 1313513
1 0359 66.37 121.48 4.68 1286513
2 0419 23.51 22.21 3.82 1362413
2 0420 23.50 22.24 4.16 1362913
1 0421 66.41 121.48 4.00 1314413
2 0416 23.50 22.24 3.66 1361213
2 0421 23.50 22.17 4.34 1363213
1 0422 66.45 121.48 4.08 1314913
2 0422 23.49 22.17 3.91 1363513
2 0423 23.50 22.17 3.66 1363813
1 0372 66.41 121.48 4.16 1292413
2 0424 23.50 22.17 4.42 1364113
1 0425 66.40 121.48 4.25 1316213
1 0373 66.37 121.48 4.42 1292813
2 0425 23.49 22.17 4.16 1364413
2 0426 23.49 22.17 3.66 1364713
1 0427 66.41 121.48 4.34 1317113
1 0378 66.41 121.48 4.50 1295113
2 0427 23.50 22.17 4.16 1365013
1 0428 66.43 121.48 4.25 1317613
2 0428 23.50 22.17 4.16 1365313
1 0429 66.41 121.48 4.25 1318013
1 0380 66.41 121.48 4.59 1296013
1 0430 66.45 121.48 4.16 1318513
2 0429 23.49 22.17 3.91 1365613
2 0430 23.49 22.17 4.00 1366213
1 0432 66.43 121.48 4.25 1319413
2 0432 23.50 22.17 4.25 1367013
1 0433 66.42 121.48 3.82 1319813
1 0387 66.38 121.48 4.08 1299113
2 0433 23.49 22.17 4.08 1367313
1 0434 66.45 121.48 4.34 1320313
2 0431 23.48 22.17 4.08 1366713
1 0435 66.42 121.48 3.66 1320713
2 0435 23.49 22.24 4.50 1367913
1 0436 66.45 121.48 4.08 1321213
2 0434 23.50 22.17 4.50 1367613
2 0436 23.49 22.17 4.16 1368213
1 0391 66.39 121.48 4.00 1300913
2 0437 23.49 22.17 3.82 1368513
1 0438 66.45 121.48 3.82 1322113
2 0438 23.50 22.24 4.34 1368813
1 0439 66.41 121.48 3.66 1322513
2 0439 23.48 22.17 4.00 1369113
1 0392 66.41 121.48 4.16 1301413
2 0440 23.49 22.17 3.74 1369413
1 0441 66.43 121.48 3.74 1323413
2 0441 23.49 22.21 4.34 1370013
1 0394 66.41 121.48 4.08 1302313
2 0442 23.48 22.24 3.74 1370513
1 0443 66.42 121.48 3.66 1324313
2 0444 23.48 22.24 4.34 1371113
1 0445 66.43 121.48 3.82 1325213
1 0396 66.41 121.48 4.50 1303213
1 0446 66.45 121.48 4.00 1325713
2 0446 23.49 22.17 4.16 1371713
1 0447 66.42 121.48 4.00 1326113
2 0447 23.48 22.24 4.08 1372013
2 0443 23.49 22.17 4.16 1370813
1 0449 66.44 121.48 4.08 1327013
2 0449 23.48 22.24 4.25 1372613
2 0450 23.48 22.17 3.91 1372913
2 0451 23.48 22.24 5.02 1373213
1 0398 66.43 121.48 4.16 1304113
1 0452 66.47 121.48 4.08 1328413
2 0452 23.49 22.24 4.25 1373813
2 0453 23.46 22.24 4.68 1374313
1 0454 66.47 121.48 4.08 1329313
2 0445 23.48 22.21 4.59 1371413
2 0454 23.47 22.24 4.25 1374613
1 0455 66.43 121.48 4.08 1329713
1 0401 66.39 121.48 4.42 1305413
2 0455 23.48 22.24 4.68 1374913
1 0456 66.47 121.48 4.08 1330213
2 0456 23.48 22.24 3.82 1375213
1 0457 66.41 121.48 4.16 1330613
1 0405 66.40 121.48 3.82 1307213
2 0457 23.48 22.24 4.16 1375513
1 0458 66.45 121.48 4.16 1331113
2 0448 23.48 22.24 4.68 1372313
1 0459 66.42 121.48 4.25 1331513
2 0459 23.49 22.24 4.42 1376113
1 0410 66.44 121.48 1.87 1309513
2 0460 23.48 22.21 4.00 1376413
1 0461 66.43 121.48 4.34 1332413
2 0458 23.48 22.24 4.68 1375813
1 0462 66.45 121.48 4.00 1332913
2 0462 23.48 22.24 4.50 1377013
1 0463 66.42 121.48 4.08 1333313
1 0412 66.45 121.48 3.66 1310413
2 0463 23.48 22.21 4.00 1377613
1 0464 66.45 121.48 4.25 1333813
2 0461 23.48 22.24 4.76 1376713
2 0464 23.46 22.17 4.50 1378113
1 0465 66.43 121.48 3.82 1334213
1 0420 66.43 121.48 4.00 1314013
2 0465 23.47 22.17 4.59 1378413
1 0466 66.46 121.48 4.16 1334713
2 0466 23.48 22.17 4.25 1378713
1 0467 66.41 121.48 3.74 1335113
2 0467 23.48 22.17 4.16 1379013
1 0468 66.45 121.48 3.82 1335613
2 0468 23.48 22.17 4.76 1379313
1 0469 66.43 121.48 3.74 1336013
2 0469 23.48 22.14 4.34 1379613
1 0470 66.45 121.48 3.49 1336513
2 0470 23.48 22.14 4.00 1379913
1 0423 66.40 121.48 4.08 1315313
1 0472 66.46 121.48 4.00 1337413
2 0471 23.49 22.10 4.76 1380213
1 0424 66.44 121.48 4.34 1315813
2 0473 23.47 22.10 3.82 1380813
1 0474 66.46 121.48 3.82 1338313
2 0472 23.48 22.10 4.16 1380513
2 0474 23.48 22.10 4.76 1381413
1 0475 66.43 121.48 4.25 1338713
2 0475 23.46 22.10 4.08 1381913
1 0476 66.45 121.48 3.91 1339213
2 0476 23.47 22.10 4.25 1382213
1 0477 66.43 121.48 4.08 1339613
2 0477 23.48 22.10 4.08 1382513
2 0478 23.48 22.07 4.68 1382813
1 0479 66.41 121.48 4.08 1340513
2 0479 23.48 22.10 4.42 1383113
1 0480 66.45 121.48 4.08 1341013
1 0426 66.43 121.48 4.16 1316713
2 0480 23.47 22.10 4.00 1383413
1 0481 66.43 121.48 4.25 1341413
2 0481 23.47 22.10 4.76 1383713
1 0482 66.45 121.48 3.91 1341913
2 0482 23.47 22.10 4.42 1384013
1 0483 66.41 121.48 4.34 1342313
1 0431 66.43 121.48 4.34 1318913
2 0483 23.48 22.10 4.08 1384313
2 0484 23.48 22.10 4.50 1384613
1 0485 66.41 121.48 4.25 1343213
2 0485 23.48 22.10 4.59 1385213
1 0437 66.42 121.48 3.66 1321613
2 0486 23.46 22.07 4.76 1385713
1 0487 66.42 121.48 3.82 1344113
2 0487 23.47 22.07 4.00 1386013
1 0488 66.45 121.48 4.16 1344613
2 0488 23.47 22.10 4.68 1386313
1 0489 66.42 121.48 3.66 1345013
1 0440 66.45 121.48 3.66 1323013
2 0489 23.48 22.07 4.42 1386613
1 0490 66.44 121.48 3.74 1345513
2 0490 23.48 22.10 4.00 1386913
1 0491 66.43 121.48 3.66 1345913
1 0442 66.46 121.48 3.57 1323913
2 0492 23.48 22.03 4.50 1387513
2 0491 23.48 22.07 4.76 1387213
1 0444 66.45 121.48 3.74 1324813
2 0493 23.48 22.10 4.08 1387813
1 0494 66.44 121.48 3.74 1347313
2 0494 23.48 22.10 4.76 1388113
1 0495 66.42 121.48 4.16 1347713
2 0495 23.49 22.10 4.59 1388413
1 0496 66.44 121.48 3.82 1348213
2 0496 23.49 22.03 4.16 1389013
1 0448 66.46 121.48 4.08 1326613
1 0497 66.42 121.48 3.74 1348613
2 0497 23.46 22.03 4.59 1389513
1 0498 66.45 121.48 3.74 1349113
1 0450 66.45 121.48 3.91 1327513
2 0499 23.48 22.10 4.50 1390113
1 0500 66.44 121.48 4.08 1350013
2 0500 23.49 22.10 4.00 1390413
1 0451 66.43 121.48 4.16 1327913
2 0498 23.48 22.03 4.93 1389813
1 0453 66.42 121.48 4.08 1328813
1 0460 66.45 121.48 4.34 1332013
1 0471 66.42 121.48 3.82 1336913
1 0473 66.43 121.48 3.82 1337813
1 0478 66.45 121.48 3.91 1340113
1 0484 66.45 121.48 4.34 1342813
1 0486 66.44 121.48 4.08 1343713
1 0492 66.44 121.48 3.66 1346413
1 0493 66.41 121.48 3.82 1346813
1 0499 66.42 121.48 4.08 1349513
1 0501 66.43 121.48 4.16 1350413
2 0501 23.48 22.03 4.68 1390713
2 0502 23.48 22.03 4.34 1391013
1 0502 66.45 121.48 4.16 1350913
1 0503 66.43 121.48 4.25 1351313
2 0505 23.48 22.03 4.50 1391913
1 0504 66.45 121.48 4.25 1351813
2 0503 23.48 22.07 4.08 1391313
1 0506 66.46 121.48 4.42 1352713
2 0506 23.47 22.07 4.16 1392213
2 0504 23.47 22.03 4.76 1391613
2 0507 23.48 22.03 4.42 1392813
1 0508 66.44 121.48 4.34 1353613
1 0505 66.42 121.48 4.34 1352213
2 0508 23.46 22.07 4.25 1393313
1 0509 66.42 121.48 3.91 1354013
2 0509 23.47 22.07 4.42 1393613
1 0510 66.45 121.48 4.08 1354513
2 0510 23.47 22.10 4.16 1393913
1 0511 66.41 121.48 3.66 1354913
2 0511 23.48 22.10 4.76 1394213
1 0512 66.44 121.48 3.74 1355413
2 0512 23.46 22.10 4.59 1394513
1 0513 66.41 121.48 3.82 1355813
1 0514 66.44 121.48 3.66 1356313
1 0507 66.41 121.48 4.34 1353113
2 0514 23.48 22.10 4.59 1395113
1 0515 66.41 121.48 3.91 1356713
2 0515 23.48 22.10 4.68 1395413
1 0516 66.43 121.48 3.74 1357213
2 0516 23.48 22.10 4.16 1395713
2 0517 23.47 22.10 4.34 1396013
2 0513 23.48 22.10 4.16 1394813
1 0517 66.41 121.48 4.00 1357613
2 0518 23.48 22.03 4.68 1396613
1 0519 66.41 121.48 4.34 1358513
2 0519 23.45 22.10 4.00 1397113
1 0520 66.44 121.48 4.25 1359013
2 0520 23.47 22.07 4.08 1397413
1 0521 66.41 121.48 4.16 1359413
2 0521 23.46 22.03 4.76 1397713
1 0523 66.39 121.48 4.25 1360313
2 0523 23.48 22.03 4.16 1398313
2 0524 23.47 22.03 4.59 1398613
1 0525 66.41 121.48 4.25 1361213
2 0525 23.47 22.03 4.59 1398913
2 0522 23.46 22.03 4.59 1398013
1 0526 66.43 121.48 4.42 1361713
2 0526 23.46 22.03 4.25 1399213
1 0527 66.40 121.48 4.68 1362113
2 0527 23.47 22.03 4.16 1399513
1 0528 66.43 121.48 4.68 1362613
2 0528 23.47 22.03 4.76 1399813
1 0529 66.39 121.48 4.68 1363013
2 0529 23.47 22.03 4.25 1400413
1 0530 66.43 121.48 4.59 1363513
2 0530 23.46 22.03 4.76 1400913
2 0531 23.47 22.03 4.68 1401213
1 0532 66.42 121.48 5.02 1364413
2 0532 23.47 22.03 4.59 1401513
1 0533 66.40 121.48 4.85 1364813
2 0533 23.47 22.03 4.25 1401813
2 0534 23.46 22.03 4.42 1402113
1 0535 66.39 121.48 4.76 1365713
1 0518 66.44 121.48 3.91 1358113
1 0536 66.41 121.48 4.76 1366213
2 0536 23.48 22.03 4.34 1402713
2 0535 23.47 22.00 4.68 1402413
1 0522 66.43 121.48 4.25 1359913
2 0537 23.48 22.00 4.00 1403013
1 0538 66.43 121.48 4.59 1367113
2 0538 23.48 22.00 4.76 1403313
1 0539 66.39 121.48 4.16 1367513
1 0524 66.43 121.48 4.25 1360813
1 0540 66.42 121.48 4.59 1368013
2 0539 23.48 21.96 4.34 1403613
2 0540 23.47 22.00 4.00 1404213
1 0541 66.39 121.48 4.08 1368413
1 0531 66.39 121.48 4.85 1363913
2 0541 23.46 21.96 4.50 1404713
1 0542 66.43 121.48 4.16 1368913
2 0542 23.47 22.00 4.68 1405013
1 0534 66.42 121.48 4.85 1365313
2 0543 23.47 22.03 4.25 1405313
1 0544 66.42 121.48 4.00 1369813
2 0544 23.47 22.03 4.16 1405613
1 0545 66.38 121.48 4.08 1370213
2 0545 23.47 22.00 4.68 1405913
1 0546 66.43 121.48 4.16 1370713
1 0537 66.39 121.48 4.34 1366613
2 0546 23.48 22.00 4.34 1406213
1 0548 66.41 121.48 4.08 1371613
2 0548 23.48 22.03 4.76 1406813
1 0543 66.39 121.48 4.00 1369313
2 0549 23.49 22.00 4.42 1407113
1 0550 66.43 121.48 4.16 1372513
2 0547 23.48 22.03 4.00 1406513
2 0550 23.48 22.00 4.16 1407413
1 0551 66.40 121.48 4.34 1372913
1 0547 66.38 121.48 4.00 1371113
1 0552 66.41 121.48 4.42 1373413
2 0551 23.47 22.03 4.76 1408013
2 0552 23.46 22.00 3.82 1408513
1 0553 66.38 121.48 4.34 1373813
1 0549 66.39 121.48 4.16 1372013
2 0553 23.46 22.03 4.00 1408813
1 0554 66.42 121.48 4.34 1374313
1 0555 66.39 121.48 4.50 1374713
1 0556 66.41 121.48 4.34 1375213
2 0554 23.46 22.03 4.16 1409113
2 0556 23.47 22.00 4.42 1409713
1 0557 66.39 121.48 4.59 1375613
2 0557 23.47 22.03 4.00 1410013
2 0558 23.47 22.03 4.76 1410313
2 0555 23.47 22.03 4.93 1409413
1 0560 66.41 121.48 4.59 1377013
2 0560 23.47 22.03 4.00 1410913
1 0561 66.38 121.48 4.50 1377413
2 0561 23.48 22.00 4.85 1411213
1 0562 66.42 121.48 4.59 1377913
1 0558 66.42 121.48 4.42 1376113
2 0562 23.47 21.96 4.50 1411813
1 0563 66.39 121.48 4.68 1378313
2 0559 23.47 22.03 4.50 1410613
2 0563 23.46 22.00 4.76 1412313
1 0564 66.41 121.48 4.68 1378813
2 0564 23.45 21.96 4.00 1412613
1 0565 66.39 121.48 4.76 1379213
1 0559 66.39 121.48 4.85 1376513
2 0565 23.45 21.96 4.68 1412913
1 0566 66.41 121.48 4.68 1379713
2 0566 23.46 21.96 4.42 1413213
2 0567 23.47 21.96 4.00 1413513
1 0568 66.41 121.48 4.68 1380613
2 0568 23.46 21.96 4.76 1413813
1 0569 66.38 121.48 4.59 1381013
2 0569 23.46 21.96 4.42 1414113
1 0570 66.42 121.48 4.85 1381513
2 0570 23.47 21.96 4.08 1414413
1 0571 66.38 121.48 4.42 1381913
2 0571 23.48 21.96 4.85 1414713
1 0572 66.42 121.48 4.76 1382413
2 0572 23.47 21.96 4.50 1415013
1 0567 66.38 121.48 4.76 1380113
1 0573 66.39 121.48 4.08 1382813
1 0574 66.41 121.48 4.34 1383313
1 0575 66.37 121.48 3.91 1383713
2 0573 23.46 21.96 4.08 1415613
1 0576 66.42 121.48 3.74 1384213
2 0576 23.46 21.96 4.00 1416713
2 0577 23.47 22.00 3.91 1417013
1 0579 66.37 121.48 4.16 1385513
2 0579 23.46 22.03 4.50 1417613
2 0574 23.45 21.96 4.59 1416113
1 0580 66.40 121.48 4.08 1386013
2 0580 23.47 22.07 4.08 1417913
2 0581 23.47 22.10 4.76 1418213
1 0577 66.37 121.48 4.08 1384613
2 0582 23.47 22.10 4.50 1418513
1 0583 66.38 121.48 4.50 1387313
2 0583 23.46 22.10 4.16 1418813
2 0575 23.47 21.96 4.76 1416413
1 0584 66.41 121.48 4.25 1387813
2 0584 23.47 22.14 4.59 1419413
1 0585 66.38 121.48 4.42 1388213
2 0578 23.46 22.03 4.76 1417313
2 0585 23.46 22.17 4.25 1419913
1 0586 66.40 121.48 4.42 1388713
1 0578 66.41 121.48 4.08 1385113
2 0586 23.46 22.17 4.42 1420213
1 0587 66.39 121.48 4.59 1389113
2 0587 23.47 22.17 4.25 1420513
1 0588 66.39 121.48 4.50 1389613
2 0588 23.46 22.17 4.76 1420813
1 0589 66.38 121.48 4.59 1390013
2 0589 23.46 22.21 4.42 1421113
1 0590 66.41 121.48 4.50 1390513
1 0581 66.39 121.48 4.16 1386413
2 0590 23.46 22.21 4.00 1421413
1 0592 66.41 121.48 4.59 1391413
2 0592 23.47 22.24 4.59 1422013
1 0582 66.41 121.48 4.08 1386913
2 0593 23.46 22.24 4.25 1422313
1 0594 66.40 121.48 4.34 1392313
2 0591 23.46 22.21 4.68 1421713
2 0594 23.48 22.24 4.25 1422613
1 0591 66.38 121.48 4.50 1390913
2 0595 23.47 22.24 4.68 1423213
1 0596 66.39 121.48 4.68 1393213
2 0596 23.45 22.24 4.08 1423713
1 0597 66.37 121.48 4.85 1393613
2 0597 23.46 22.24 4.16 1424013
1 0598 66.40 121.48 4.59 1394113
2 0598 23.46 22.24 4.68 1424313
1 0599 66.39 121.48 4.85 1394513
2 0599 23.46 22.24 4.59 1424613
1 0600 66.41 121.48 4.76 1395013
2 0600 23.46 22.24 3.91 1424913
1 0601 66.39 121.48 4.34 1395413
1 0593 66.37 121.48 4.85 1391813
2 0601 23.46 22.24 4.34 1425213
2 0602 23.46 22.24 4.68 1425513
1 0603 66.39 121.48 4.42 1396313
2 0603 23.47 22.24 4.25 1425813
1 0604 66.41 121.48 4.76 1396813
2 0604 23.47 22.24 4.00 1426113
1 0605 66.37 121.48 4.16 1397213
1 0595 66.37 121.48 4.76 1392713
2 0605 23.47 22.24 4.68 1426413
1 0606 66.39 121.48 4.42 1397713
2 0606 23.46 22.24 4.34 1426713
1 0602 66.40 121.48 4.93 1395913
2 0607 23.46 22.21 4.00 1427313
1 0608 66.41 121.48 4.16 1398613
2 0608 23.44 22.21 4.50 1427813
1 0609 66.39 121.48 4.08 1399013
2 0609 23.45 22.24 4.25 1428113
1 0610 66.39 121.48 4.00 1399513
2 0610 23.45 22.24 4.42 1428513
1 0607 66.38 121.48 4.08 1398113
1 0611 66.37 121.48 4.08 1399913
2 0611 23.46 22.21 4.25 1429013
1 0612 66.40 121.48 4.00 1400413
1 0613 66.37 121.48 4.16 1400813
2 0613 23.46 22.21 4.68 1429813
2 0614 23.46 22.24 4.08 1430113
2 0612 23.44 22.21 4.42 1429513
1 0615 66.38 121.48 4.34 1401713
1 0614 66.39 121.48 4.08 1401313
2 0615 23.47 22.17 4.08 1430413
1 0616 66.39 121.48 4.08 1402213
1 0617 66.38 121.48 4.42 1402613
1 0618 66.40 121.48 4.16 1403113
2 0616 23.46 22.24 4.68 1430713
2 0618 23.46 22.21 3.91 1431313
1 0619 66.37 121.48 4.50 1403513
2 0619 23.48 22.24 4.76 1431613
2 0620 23.47 22.17 4.50 1431913
1 0621 66.39 121.48 4.50 1404413
2 0621 23.46 22.17 4.08 1432213
2 0622 23.46 22.17 4.59 1432813
2 0623 23.45 22.17 4.08 1433313
1 0624 66.39 121.48 4.50 1405813
2 0624 23.45 22.17 4.50 1433613
2 0617 23.47 22.21 4.42 1431013
1 0625 66.37 121.48 4.68 1406213
2 0625 23.45 22.17 4.08 1433913
1 0626 66.40 121.48 4.59 1406713
2 0626 23.46 22.17 4.68 1434213
1 0620 66.40 121.48 4.25 1404013
2 0628 23.46 22.17 4.16 1434813
2 0627 23.46 22.17 4.59 1434513
2 0629 23.46 22.17 3.91 1435113
1 0630 66.38 121.48 4.76 1408513
2 0630 23.46 22.17 4.68 1435413
2 0631 23.46 22.17 4.42 1435713
1 0632 66.39 121.48 4.85 1409413
2 0632 23.47 22.17 4.00 1436013
1 0622 66.39 121.48 4.42 1404913
1 0633 66.36 121.48 4.76 1409813
2 0633 23.46 22.17 4.76 1436613
2 0634 23.45 22.21 4.08 1437113
1 0623 66.37 121.48 4.42 1405313
2 0635 23.45 22.17 4.42 1437413
1 0636 66.41 121.48 4.85 1411213
2 0636 23.46 22.24 3.74 1437713
1 0637 66.38 121.48 4.25 1411613
2 0637 23.45 22.21 4.76 1438013
1 0638 66.41 121.48 4.68 1412113
1 0627 66.37 121.48 4.68 1407113
2 0638 23.45 22.21 4.42 1438313
1 0639 66.36 121.48 4.00 1412513
2 0639 23.46 22.17 4.08 1438613
1 0640 66.40 121.48 4.25 1413013
2 0640 23.46 22.21 4.76 1438913
1 0641 66.37 121.48 4.00 1413413
1 0628 66.39 121.48 4.76 1407613
2 0641 23.45 22.21 4.68 1439213
2 0642 23.46 22.24 4.25 1439513
1 0643 66.36 121.48 4.08 1414313
2 0643 23.46 22.21 4.16 1439814
1 0644 66.40 121.48 4.00 1414813
1 0629 66.37 121.48 4.68 1408013
2 0644 23.46 22.21 4.76 1440413
1 0645 66.36 121.48 4.08 1415213
2 0645 23.43 22.24 3.91 1440913
1 0646 66.39 121.48 4.08 1415713
2 0646 23.46 22.24 4.25 1441213
1 0647 66.36 121.48 4.34 1416113
2 0647 23.45 22.24 4.00 1441513
1 0648 66.38 121.48 4.34 1416613
1 0631 66.37 121.48 4.85 1408913
1 0649 66.35 121.48 4.00 1417013
2 0649 23.45 22.24 4.34 1442113
1 0650 66.39 121.48 4.25 1417513
2 0648 23.45 22.24 4.68 1441813
2 0650 23.44 22.24 4.00 1442413
1 0651 66.35 121.48 4.76 1418014
2 0651 23.45 22.24 4.76 1442713
1 0652 66.37 121.48 4.68 1418513
2 0652 23.44 22.24 4.34 1443013
2 0653 23.45 22.24 4.08 1443314
1 0654 66.35 121.48 4.68 1419513
1 0634 66.39 121.48 4.93 1410313
1 0655 66.33 121.48 4.00 1419913
2 0655 23.44 22.24 4.08 1444413
2 0656 23.44 22.24 4.59 1444713
1 0635 66.37 121.48 4.34 1410713
1 0657 66.33 121.48 4.16 1420813
2 0658 23.45 22.24 4.25 1445313
1 0659 66.35 121.48 3.91 1421713
1 0642 66.39 121.48 4.00 1413913
2 0659 23.45 22.24 4.59 1445613
2 0654 23.46 22.24 4.16 1443913
1 0660 66.37 121.48 4.16 1422213
2 0660 23.44 22.24 4.34 1445913
1 0661 66.34 121.48 4.42 1422613
2 0661 23.46 22.24 3.66 1446213
1 0662 66.37 121.48 4.34 1423113
2 0657 23.44 22.24 4.25 1445013
2 0662 23.47 22.24 4.76 1446513
1 0663 66.35 121.48 4.50 1423513
2 0663 23.45 22.24 4.42 1446813
1 0664 66.38 121.48 4.85 1424013
2 0664 23.45 22.24 4.59 1447113
1 0665 66.32 121.48 4.76 1424513
1 0653 66.32 121.48 4.25 1419113
2 0665 23.46 22.21 4.50 1447713
1 0666 66.36 121.48 4.59 1425013
2 0666 23.44 22.24 4.25 1448213
1 0667 66.33 121.48 4.76 1425413
2 0667 23.44 22.17 4.59 1448514
1 0668 66.37 121.48 4.93 1425913
2 0668 23.45 22.17 4.08 1448813
1 0669 66.35 121.48 3.91 1426313
2 0669 23.44 22.17 4.76 1449113
1 0670 66.37 121.48 4.16 1426813
2 0670 23.45 22.17 4.34 1449413
1 0671 66.34 121.48 4.00 1427213
2 0671 23.44 22.17 3.74 1449713
1 0656 66.37 121.48 4.00 1420413
1 0672 66.38 121.48 4.08 1427713
2 0672 23.45 22.17 4.16 1450013
1 0673 66.33 121.48 4.25 1428113
2 0673 23.44 22.17 4.68 1450313
1 0674 66.37 121.48 4.25 1428613
2 0674 23.44 22.17 4.34 1450613
1 0658 66.38 121.48 4.08 1421313
1 0675 66.34 121.48 4.59 1429013
2 0675 23.44 22.14 3.74 1451213
1 0676 66.37 121.48 4.34 1429513
2 0676 23.42 22.10 4.34 1451713
1 0677 66.35 121.48 4.50 1429913
2 0677 23.44 22.17 4.50 1452013
1 0679 66.35 121.48 4.50 1430813
2 0679 23.44 22.10 3.91 1452613
1 0680 66.37 121.48 4.68 1431313
2 0680 23.44 22.10 4.85 1452913
1 0681 66.34 121.48 4.59 1431714
2 0678 23.43 22.14 4.42 1452313
2 0681 23.44 22.10 4.50 1453213
1 0682 66.32 121.48 4.68 1432113
2 0682 23.44 22.10 4.16 1453513
1 0683 66.35 121.48 4.68 1432613
2 0683 23.44 22.10 4.50 1453813
1 0684 66.31 121.48 4.08 1433113
1 0678 66.37 121.48 4.42 1430413
2 0684 23.44 22.10 4.68 1454113
1 0685 66.35 121.48 4.16 1433613
2 0685 23.44 22.10 4.25 1454413
1 0686 66.33 121.48 4.00 1434013
2 0686 23.44 22.10 4.08 1455013
2 0687 23.42 22.10 4.42 1455513
1 0688 66.33 121.48 4.76 1434713
1 0687 66.35 121.48 4.16 1434313
2 0689 23.44 22.10 4.25 1456113
1 0690 66.33 121.48 4.68 1435613
2 0688 23.44 22.07 4.50 1455813
1 0689 66.35 121.48 4.76 1435213
1 0691 66.37 121.48 4.76 1436113
2 0691 23.44 22.03 4.68 1456713
1 0694 66.33 121.48 3.82 1437413
2 0690 23.44 22.10 4.08 1456413
2 0692 23.43 22.03 4.50 1457013
1 0692 66.32 121.48 4.08 1436513
2 0694 23.44 22.07 4.76 1457613
2 0693 23.44 22.03 4.08 1457313
2 0695 23.43 22.03 4.50 1457913
2 0696 23.43 22.03 4.16 1458213
1 0697 66.35 121.48 4.00 1438813
2 0697 23.43 22.03 4.76 1458813
1 0698 66.33 121.48 4.00 1439213
1 0693 66.37 121.48 4.25 1437013
1 0699 66.37 121.48 4.25 1439713
2 0699 23.42 22.00 4.16 1459813
1 0700 66.32 121.48 4.68 1440113
2 0700 23.42 21.96 4.68 1460113
2 0698 23.41 21.96 4.76 1459513
1 0701 66.30 121.48 4.68 1440613
2 0701 23.42 21.96 4.50 1460413
1 0702 66.34 121.48 4.68 1440913
2 0702 23.44 21.96 3.91 1460713
1 0703 66.29 121.48 4.59 1441413
2 0703 23.42 21.96 4.93 1461013
1 0704 66.33 121.48 4.00 1441913
2 0704 23.42 21.96 4.50 1461313
1 0705 66.26 121.48 4.76 1442414
2 0705 23.42 21.96 4.08 1461613
1 0706 66.28 121.48 4.85 1442813
2 0706 23.43 21.96 4.42 1461913
1 0707 66.33 121.48 4.76 1443313
1 0695 66.35 121.48 3.91 1437913
2 0707 23.42 21.96 4.68 1462213
1 0708 66.29 121.48 4.76 1443713
2 0708 23.43 21.96 4.42 1462813
1 0709 66.34 121.48 4.68 1444213
1 0696 66.33 121.48 4.00 1438313
2 0710 23.42 21.93 4.34 1463613
1 0711 66.33 121.48 4.59 1445113
2 0711 23.42 21.96 4.68 1463913
2 0709 23.41 21.96 4.68 1463313
1 0712 66.31 121.48 4.00 1445513
2 0712 23.43 21.93 4.25 1464213
1 0713 66.33 121.48 4.00 1446013
2 0713 23.43 21.90 4.00 1464513
1 0714 66.31 121.48 4.16 1446413
2 0714 23.43 21.90 4.68 1464813
1 0715 66.34 121.48 3.82 1446913
2 0715 23.43 21.90 4.42 1465113
2 0716 23.43 21.90 4.08 1465413
1 0717 66.34 121.48 4.34 1447813
2 0717 23.44 21.90 4.59 1465713
1 0718 66.32 121.48 4.59 1448213
1 0710 66.31 121.48 4.16 1444613
2 0718 23.44 21.90 4.59 1466013
1 0719 66.33 121.48 4.34 1448713
2 0719 23.44 21.93 4.25 1466313
1 0720 66.31 121.48 4.50 1449113
2 0720 23.43 21.90 3.74 1466913
1 0721 66.35 121.48 4.50 1449613
2 0722 23.43 21.90 4.59 1467713
1 0723 66.35 121.48 4.76 1450513
2 0723 23.42 21.93 4.25 1468013
1 0724 66.31 121.48 4.76 1450913
2 0721 23.42 21.90 4.42 1467413
2 0724 23.42 21.93 4.00 1468313
1 0725 66.33 121.48 4.50 1451413
2 0725 23.43 21.90 4.76 1468613
1 0726 66.31 121.48 4.68 1451813
2 0726 23.42 21.90 4.42 1468913
1 0727 66.35 121.48 4.76 1452313
2 0727 23.44 21.90 4.08 1469213
1 0716 66.32 121.48 4.34 1447313
1 0728 66.31 121.48 4.16 1452713
2 0728 23.44 21.90 3.82 1469513
2 0729 23.41 21.90 4.59 1470013
1 0730 66.31 121.48 3.91 1453613
1 0731 66.35 121.48 4.00 1454113
2 0731 23.42 21.93 4.50 1470613
2 0730 23.42 21.90 4.68 1470313
2 0732 23.42 21.93 4.08 1470913
1 0722 66.31 121.48 4.68 1450013
2 0733 23.43 21.96 4.68 1471213
1 0734 66.30 121.48 4.34 1455413
1 0729 66.35 121.48 4.34 1453213
2 0734 23.43 21.96 4.50 1471513
1 0735 66.33 121.48 4.16 1455913
2 0735 23.43 21.96 4.25 1471813
1 0736 66.31 121.48 4.50 1456313
2 0736 23.42 21.96 4.08 1472113
1 0737 66.34 121.48 4.42 1456814
2 0737 23.42 21.96 4.68 1472413
1 0738 66.31 121.48 4.59 1457213
2 0738 23.43 21.96 4.34 1472713
2 0739 23.43 21.96 3.74 1473013
1 0740 66.32 121.48 4.76 1458113
1 0732 66.33 121.48 4.25 1454513
1 0741 66.35 121.48 4.68 1458613
2 0741 23.42 22.00 4.34 1474113
1 0742 66.31 121.48 4.68 1459013
2 0742 23.43 22.03 4.34 1474413
2 0740 23.44 21.96 4.68 1473613
1 0743 66.36 121.48 4.76 1459513
2 0743 23.42 22.03 3.91 1474713
1 0744 66.33 121.48 4.25 1459913
2 0744 23.42 22.03 4.76 1475013
2 0745 23.42 22.03 4.76 1475313
1 0746 66.33 121.48 4.00 1460813
2 0746 23.43 22.03 4.16 1475613
1 0747 66.34 121.48 4.00 1461313
2 0747 23.43 22.03 4.16 1475913
1 0733 66.35 121.48 3.82 1455013
1 0749 66.36 121.48 4.08 1462213
2 0749 23.42 22.10 4.42 1476513
2 0748 23.42 22.03 4.68 1476214
2 0750 23.42 22.10 4.00 1476813
2 0751 23.42 22.10 4.76 1477413
1 0739 66.35 121.48 4.50 1457713
1 0752 66.33 121.48 4.50 1463513
2 0752 23.42 22.10 4.25 1477913
1 0753 66.35 121.48 4.42 1464013
2 0753 23.42 22.10 4.34 1478213
1 0754 66.32 121.48 4.59 1464413
2 0754 23.43 22.14 4.00 1478513
1 0755 66.36 121.48 4.59 1464913
2 0755 23.42 22.17 4.85 1478813
2 0756 23.43 22.17 4.50 1479113
1 0757 66.36 121.48 4.76 1465813
2 0757 23.44 22.17 4.16 1479413
1 0758 66.33 121.48 4.76 1466213
1 0745 66.34 121.48 4.42 1460413
1 0759 66.36 121.48 4.85 1466713
2 0759 23.42 22.17 4.68 1480013
1 0760 66.33 121.48 4.25 1467113
2 0758 23.43 22.17 4.08 1479713
2 0760 23.43 22.17 4.42 1480313
1 0748 66.32 121.48 4.16 1461713
2 0761 23.42 22.17 4.00 1480613
1 0762 66.33 121.48 4.00 1468013
2 0762 23.43 22.24 4.76 1481213
1 0750 66.33 121.48 4.34 1462613
2 0763 23.41 22.24 4.25 1481713
1 0751 66.36 121.48 4.42 1463113
2 0764 23.41 22.21 4.16 1482013
1 0765 66.36 121.48 4.08 1469413
2 0765 23.42 22.24 4.16 1482313
1 0756 66.32 121.48 4.76 1465313
2 0766 23.42 22.24 4.34 1482613
1 0767 66.35 121.48 4.34 1470313
2 0767 23.42 22.24 4.59 1482913
2 0768 23.42 22.24 4.50 1483213
1 0769 66.35 121.48 4.68 1471213
2 0769 23.40 22.24 3.82 1483613
1 0770 66.32 121.48 4.68 1471613
2 0770 23.42 22.24 4.25 1484113
1 0761 66.37 121.48 4.42 1467613
1 0771 66.35 121.48 4.76 1472113
2 0771 23.40 22.31 4.00 1484613
2 0772 23.40 22.31 4.59 1484913
1 0773 66.35 121.48 4.76 1473013
2 0773 23.40 22.31 3.91 1485413
1 0774 66.33 121.48 4.68 1473413
2 0774 23.41 22.31 4.08 1485713
1 0763 66.36 121.48 4.08 1468513
1 0776 66.32 121.48 4.08 1474313
2 0776 23.42 22.31 4.59 1486313
2 0777 23.40 22.31 4.25 1486813
1 0764 66.32 121.48 4.08 1468913
2 0778 23.38 22.31 4.50 1487413
2 0775 23.41 22.31 4.68 1486013
1 0779 66.35 121.48 4.25 1475713
2 0779 23.40 22.34 4.50 1487713
1 0780 66.29 121.48 4.76 1476313
2 0780 23.40 22.38 4.68 1488013
1 0781 66.34 121.48 4.76 1476813
2 0781 23.40 22.34 4.25 1488313
1 0782 66.27 121.48 4.00 1477413
2 0782 23.40 22.38 4.25 1488613
1 0783 66.32 121.48 4.25 1477913
2 0783 23.39 22.38 4.59 1489113
1 0784 66.26 121.48 4.42 1478515
1 0766 66.32 121.48 4.34 1469813
2 0784 23.40 22.38 4.34 1489413
1 0785 66.32 121.48 4.59 1479013
2 0785 23.40 22.38 4.59 1489914
1 0786 66.30 121.48 3.91 1479413
1 0768 66.31 121.48 4.50 1470713
1 0787 66.33 121.48 3.82 1479913
2 0786 23.39 22.38 4.76 1490415
2 0787 23.40 22.38 4.08 1490713
1 0788 66.25 121.48 4.00 1480713
2 0788 23.40 22.45 4.68 1491013
1 0789 66.30 121.48 4.00 1481213
2 0789 23.41 22.45 4.50 1491313
2 0790 23.41 22.45 4.00 1491613
2 0791 23.40 22.45 4.50 1491913
1 0792 66.29 121.48 4.59 1482513
2 0792 23.40 22.48 4.59 1492213
2 0793 23.40 22.48 4.50 1492513
1 0772 66.33 121.48 4.76 1472513
1 0794 66.31 121.48 4.50 1483413
2 0794 23.41 22.48 4.25 1492913
2 0795 23.40 22.48 4.00 1493213
1 0796 66.29 121.48 4.08 1484314
2 0796 23.38 22.52 4.59 1493713
1 0775 66.37 121.48 4.50 1473913
1 0797 66.23 121.48 4.25 1485013
2 0797 23.39 22.52 4.76 1494013
1 0798 66.29 121.48 4.16 1485513
2 0798 23.41 22.52 4.59 1494313
1 0799 66.27 121.48 4.42 1485913
2 0799 23.41 22.52 3.82 1494613
1 0800 66.31 121.48 4.34 1486413
2 0800 23.40 22.52 4.42 1494913
1 0801 66.28 121.48 4.34 1486813
2 0801 23.40 22.59 4.59 1495213
1 0802 66.31 121.48 4.42 1487313
2 0802 23.41 22.59 4.34 1495513
1 0803 66.29 121.48 4.76 1487713
2 0803 23.40 22.59 3.49 1495813
1 0777 66.35 121.48 4.42 1474814
1 0804 66.32 121.48 4.59 1488213
2 0804 23.41 22.59 4.50 1496413
2 0805 23.38 22.62 4.00 1496913
2 0806 23.40 22.59 4.08 1497213
1 0807 66.28 121.48 4.34 1489513
2 0807 23.41 22.62 3.82 1497513
1 0808 66.31 121.48 4.50 1490013
2 0808 23.40 22.62 4.42 1497813
1 0778 66.34 121.48 3.74 1475213
1 0809 66.29 121.48 3.82 1490413
2 0809 23.40 22.65 4.16 1498113
1 0810 66.31 121.48 3.91 1490913
2 0810 23.40 22.65 4.00 1498413
1 0811 66.27 121.48 4.25 1491313
1 0790 66.29 121.48 4.16 1481613
2 0811 23.40 22.65 4.00 1498713
1 0812 66.30 121.48 4.34 1491613
2 0812 23.40 22.65 4.34 1499013
1 0813 66.27 121.48 4.50 1492013
2 0813 23.40 22.65 4.16 1499313
1 0814 66.31 121.48 4.59 1492513
2 0814 23.40 22.65 3.74 1499613
1 0815 66.27 121.48 3.91 1492913
2 0815 23.40 22.72 4.50 1500213
1 0791 66.30 121.48 4.16 1482113
1 0816 66.31 121.48 4.00 1493413
2 0816 23.39 22.72 3.91 1500713
1 0817 66.28 121.48 4.08 1493813
2 0817 23.40 22.72 4.16 1501013
1 0818 66.31 121.48 4.08 1494313
2 0818 23.39 22.72 3.66 1501313
1 0793 66.32 121.48 4.59 1483013
1 0819 66.28 121.48 4.16 1494713
2 0819 23.40 22.72 4.34 1501613
1 0820 66.31 121.48 4.68 1495113
2 0820 23.38 22.72 4.42 1501913
2 0821 23.40 22.72 4.16 1502213
1 0822 66.28 121.48 4.34 1495813
2 0822 23.40 22.72 3.74 1502513
1 0823 66.26 121.48 4.00 1496213
2 0823 23.40 22.72 4.50 1502813
1 0824 66.31 121.48 3.91 1496713
2 0824 23.38 22.76 4.25 1503113
1 0795 66.25 121.48 4.59 1484013
1 0825 66.26 121.48 4.16 1497213
2 0825 23.39 22.72 4.00 1503413
2 0826 23.40 22.79 4.42 1504014
1 0827 66.28 121.48 4.34 1498113
2 0827 23.38 22.79 4.25 1504513
1 0828 66.31 121.48 4.50 1498613
2 0828 23.39 22.79 4.50 1505013
1 0829 66.28 121.48 4.68 1499013
2 0829 23.38 22.79 4.16 1505513
2 0830 23.39 22.79 4.34 1506013
1 0831 66.28 121.48 4.76 1499913
2 0831 23.37 22.79 4.00 1506513
2 0832 23.36 22.86 4.25 1507013
1 0833 66.28 121.48 4.50 1500813
1 0805 66.27 121.48 4.68 1488613
1 0834 66.31 121.48 4.68 1501313
2 0834 23.38 22.86 4.34 1507613
2 0833 23.38 22.79 4.50 1507313
1 0836 66.29 121.48 3.91 1502213
2 0836 23.38 22.86 4.59 1508213
2 0835 23.39 22.86 4.25 1507913
1 0837 66.29 121.48 4.08 1502613
1 0806 66.31 121.48 4.68 1489113
2 0837 23.39 22.86 4.34 1508513
2 0838 23.39 22.86 3.91 1508813
1 0821 66.26 121.48 4.16 1495513
2 0839 23.39 22.83 4.68 1509113
1 0840 66.31 121.48 4.16 1504013
2 0840 23.38 22.86 4.50 1509413
1 0841 66.27 121.48 4.42 1504413
2 0841 23.39 22.83 4.00 1509713
1 0842 66.31 121.48 4.42 1504913
2 0842 23.39 22.83 4.34 1510313
1 0843 66.25 121.48 4.76 1505413
2 0843 23.38 22.79 4.00 1510813
1 0844 66.30 121.48 4.76 1505913
1 0845 66.27 121.48 4.25 1506313
2 0845 23.38 22.76 4.16 1511413
1 0846 66.30 121.48 4.42 1506813
2 0844 23.39 22.79 4.59 1511113
2 0846 23.39 22.76 4.08 1511713
1 0847 66.27 121.48 4.00 1507213
1 0826 66.30 121.48 4.42 1497713
2 0847 23.39 22.76 4.68 1512013
2 0848 23.39 22.72 4.34 1512313
2 0849 23.39 22.72 4.00 1512613
1 0850 66.29 121.48 4.08 1508613
2 0850 23.38 22.72 4.68 1512913
1 0851 66.22 121.48 4.00 1509313
2 0851 23.40 22.69 4.59 1513213
1 0852 66.27 121.48 4.50 1509813
2 0852 23.39 22.69 4.16 1513513
1 0853 66.24 121.48 4.00 1510213
2 0853 23.38 22.65 4.16 1514113
1 0830 66.30 121.48 4.76 1499513
1 0854 66.23 121.48 4.08 1510613
2 0854 23.37 22.65 4.42 1514613
1 0855 66.27 121.48 4.08 1511113
1 0832 66.31 121.48 4.50 1500413
2 0855 23.39 22.65 4.50 1514913
2 0856 23.38 22.59 4.16 1515213
1 0857 66.29 121.48 4.08 1512013
2 0857 23.38 22.59 4.00 1515513
1 0858 66.27 121.48 4.34 1512413
1 0835 66.29 121.48 3.82 1501713
2 0859 23.38 22.59 4.42 1516113
1 0860 66.26 121.48 4.59 1513313
2 0860 23.39 22.59 4.00 1516413
2 0858 23.39 22.59 4.68 1515813
1 0838 66.31 121.48 4.08 1503113
1 0861 66.29 121.48 4.34 1513813
2 0861 23.38 22.59 4.68 1516713
2 0862 23.38 22.59 4.59 1517013
1 0863 66.29 121.48 4.59 1514713
2 0863 23.39 22.59 4.34 1517313
1 0839 66.29 121.48 4.34 1503513
1 0864 66.27 121.48 4.59 1515113
2 0864 23.38 22.59 4.00 1517613
1 0865 66.29 121.48 4.59 1515613
1 0848 66.30 121.48 3.74 1507713
1 0866 66.27 121.48 4.68 1516013
2 0865 23.38 22.52 4.68 1518213
2 0866 23.36 22.55 4.42 1518713
1 0867 66.29 121.48 4.59 1516513
2 0867 23.37 22.52 4.50 1519013
1 0868 66.27 121.48 4.00 1516913
2 0868 23.36 22.52 4.00 1519513
1 0869 66.31 121.48 4.68 1517413
1 0849 66.27 121.48 3.74 1508113
2 0869 23.38 22.52 4.00 1519813
1 0870 66.28 121.48 3.91 1517813
2 0870 23.39 22.52 4.59 1520113
1 0856 66.26 121.48 4.25 1511513
2 0872 23.38 22.48 4.25 1520713
2 0871 23.38 22.52 4.59 1520413
2 0873 23.38 22.52 4.00 1521013
1 0874 66.28 121.48 4.34 1519513
1 0859 66.29 121.48 4.34 1512913
1 0875 66.23 121.48 3.91 1520013
2 0874 23.38 22.48 4.68 1521313
2 0875 23.38 22.52 4.42 1521613
1 0862 66.27 121.48 4.08 1514213
2 0876 23.38 22.48 4.16 1521913
2 0877 23.38 22.45 4.68 1522213
1 0878 66.29 121.48 4.42 1521413
2 0878 23.38 22.45 4.42 1522813
1 0879 66.26 121.48 4.34 1521813
1 0871 66.29 121.48 4.93 1518313
2 0879 23.36 22.45 4.25 1523313
2 0880 23.37 22.45 4.08 1523613
1 0881 66.27 121.48 4.50 1522713
2 0881 23.37 22.45 4.76 1523913
1 0882 66.29 121.48 4.42 1523213
2 0882 23.38 22.45 4.59 1524213
1 0883 66.27 121.48 4.42 1523613
2 0883 23.37 22.45 4.16 1524513
1 0884 66.29 121.48 4.08 1524013
1 0872 66.27 121.48 4.00 1518715
2 0884 23.38 22.45 4.08 1524813
1 0885 66.25 121.48 4.42 1524413
1 0873 66.25 121.48 4.50 1519115
2 0885 23.38 22.45 4.50 1525113
1 0886 66.29 121.48 4.50 1524913
2 0886 23.38 22.45 4.42 1525413
1 0887 66.26 121.48 4.59 1525313
1 0876 66.29 121.48 4.34 1520513
2 0887 23.38 22.45 4.16 1525713
1 0888 66.29 121.48 4.50 1525813
2 0888 23.38 22.45 4.68 1526013
2 0889 23.38 22.45 4.34 1526313
2 0890 23.38 22.41 4.08 1526913
1 0891 66.27 121.48 4.50 1527113
2 0891 23.36 22.45 4.59 1527413
2 0892 23.38 22.41 4.76 1527913
1 0893 66.22 121.48 4.08 1528213
2 0893 23.36 22.45 3.91 1528313
1 0894 66.26 121.48 4.00 1528813
2 0894 23.38 22.45 4.76 1528814
1 0895 66.22 121.48 4.59 1529213
2 0895 23.36 22.45 4.68 1529313
1 0896 66.19 121.48 4.50 1529713
2 0896 23.37 22.45 4.34 1529613
1 0897 66.24 121.48 4.08 1530113
2 0897 23.36 22.45 4.59 1529913
1 0898 66.21 121.48 4.08 1530613
2 0898 23.38 22.45 4.68 1530213
1 0899 66.25 121.48 4.34 1531113
1 0877 66.26 121.48 3.91 1520913
2 0899 23.38 22.45 4.25 1530513
1 0900 66.24 121.48 3.57 1531513
2 0900 23.38 22.45 4.08 1530813
2 0901 23.38 22.45 4.76 1531113
1 0880 66.30 121.48 4.25 1522313
2 0902 23.38 22.45 4.42 1531413
2 0903 23.39 22.45 3.91 1531713
2 0904 23.37 22.45 4.68 1532013
1 0905 66.26 121.48 4.16 1533913
2 0905 23.38 22.45 4.42 1532613
1 0906 66.20 121.48 4.00 1534613
1 0889 66.27 121.48 4.59 1526213
1 0907 66.25 121.48 4.16 1535113
2 0907 23.38 22.45 4.00 1533413
1 0908 66.23 121.48 4.00 1535513
2 0906 23.36 22.45 4.59 1533113
2 0908 23.37 22.45 4.76 1533713
1 0890 66.29 121.48 4.42 1526713
1 0909 66.26 121.48 3.91 1536014
2 0909 23.37 22.45 4.42 1534013
1 0910 66.24 121.48 4.25 1536413
2 0910 23.37 22.45 4.16 1534313
2 0911 23.38 22.45 4.76 1534613
1 0912 66.24 121.48 3.82 1537113
2 0912 23.37 22.48 4.68 1534913
2 0913 23.38 22.52 4.25 1535213
1 0914 66.26 121.48 4.42 1538013
2 0914 23.37 22.52 4.08 1535513
1 0915 66.27 121.48 4.16 1538413
2 0915 23.38 22.52 4.76 1535813
1 0916 66.23 121.48 3.82 1538813
2 0916 23.38 22.52 4.68 1536413
1 0917 66.27 121.48 4.00 1539313
2 0917 23.36 22.52 4.50 1536913
1 0918 66.22 121.48 4.00 1539813
2 0918 23.35 22.59 4.68 1537413
1 0919 66.25 121.48 3.74 1540313
2 0919 23.37 22.59 4.00 1537713
1 0920 66.24 121.48 4.00 1540713
2 0920 23.37 22.62 4.76 1538213
1 0921 66.41 121.48 4.00 1314413
2 0921 23.35 22.65 4.00 1538713
1 0922 66.45 121.48 4.08 1314913
2 0922 23.37 22.65 4.08 1539213
1 0923 66.40 121.48 4.08 1315313
1 0892 66.28 121.48 4.76 1527614
2 0923 23.34 22.69 4.76 1539713
1 0924 66.44 121.48 4.34 1315813
2 0924 23.35 22.76 4.34 1540213
1 0925 66.40 121.48 4.25 1316213
1 0901 66.27 121.48 3.82 1532013
1 0926 66.43 121.48 4.16 1316713
2 0926 23.36 22.79 4.34 1541113
1 0927 66.41 121.48 4.34 1317113
2 0925 23.33 22.79 4.42 1540814
2 0927 23.34 22.83 4.68 1541613
1 0928 66.43 121.48 4.25 1317613
2 0928 23.35 22.86 4.08 1541913
2 0929 23.35 22.86 4.50 1542213
1 0930 66.45 121.48 4.16 1318513
2 0930 23.35 22.86 4.34 1542613
1 0931 66.43 121.48 4.34 1318913
1 0932 66.43 121.48 4.25 1319413
2 0932 23.35 22.93 4.59 1543613
1 0933 66.42 121.48 3.82 1319813
2 0933 23.35 22.93 4.68 1544113
2 0931 23.36 22.93 4.34 1543113
1 0934 66.45 121.48 4.34 1320313
2 0934 23.35 22.93 4.59 1544513
1 0935 66.42 121.48 3.66 1320713
2 0935 23.36 22.96 4.59 1545013
1 0936 66.45 121.48 4.08 1321213
2 0936 23.34 23.00 4.42 1545513
1 0937 66.42 121.48 3.66 1321613
2 0937 23.35 23.00 4.08 1545814
1 0938 66.45 121.48 3.82 1322113
1 0902 66.25 121.48 3.82 1532413
1 0939 66.41 121.48 3.66 1322513
2 0938 23.35 22.96 4.76 1546113
2 0939 23.36 22.96 4.68 1546413
1 0940 66.45 121.48 3.66 1323013
1 0903 66.28 121.48 4.08 1532913
2 0940 23.34 23.00 4.08 1546813
1 0941 66.43 121.48 3.74 1323413
2 0941 23.36 22.96 4.08 1547113
1 0904 66.24 121.48 4.16 1533415
1 0942 66.46 121.48 3.57 1323913
2 0942 23.32 23.00 3.66 1547713
2 0943 23.34 22.96 4.08 1548013
1 0944 66.45 121.48 3.74 1324813
2 0944 23.34 22.96 4.25 1548313
1 0911 66.27 121.48 4.16 1536713
1 0945 66.43 121.48 3.82 1325213
2 0945 23.35 22.96 4.59 1548613
2 0946 23.35 22.96 4.42 1548913
1 0947 66.42 121.48 4.00 1326113
2 0947 23.36 22.93 4.00 1549213
1 0913 66.29 121.48 4.00 1537613
1 0948 66.46 121.48 4.08 1326613
2 0948 23.36 23.00 4.76 1549713
2 0949 23.34 23.00 3.91 1550213
1 0950 66.45 121.48 3.91 1327513
2 0950 23.34 22.96 3.49 1550513
1 0951 66.43 121.48 4.16 1327913
2 0951 23.36 22.96 4.08 1550813
1 0952 66.47 121.48 4.08 1328413
2 0952 23.33 22.96 4.34 1551313
1 0954 66.47 121.48 4.08 1329313
2 0954 23.47 22.93 4.25 1374613
1 0955 66.43 121.48 4.08 1329713
1 0929 66.41 121.48 4.25 1318013
2 0956 23.48 22.24 3.82 1375213
2 0953 23.34 23.00 4.68 1551813
1 0957 66.41 121.48 4.16 1330613
2 0957 23.48 22.24 4.16 1375513
2 0958 23.48 22.24 4.68 1375813
1 0959 66.42 121.48 4.25 1331513
2 0959 23.49 22.24 4.42 1376113
2 0955 23.48 22.24 4.68 1374913
1 0960 66.45 121.48 4.34 1332013
2 0960 23.48 22.21 4.00 1376413
1 0961 66.43 121.48 4.34 1332413
2 0961 23.48 22.24 4.76 1376713
1 0943 66.42 121.48 3.66 1324313
2 0962 23.48 22.24 4.50 1377013
2 0963 23.48 22.21 4.00 1377613
1 0964 66.45 121.48 4.25 1333813
1 0946 66.45 121.48 4.00 1325713
1 0965 66.43 121.48 3.82 1334213
2 0964 23.46 22.17 4.50 1378113
2 0965 23.47 22.17 4.59 1378413
1 0966 66.46 121.48 4.16 1334713
1 0949 66.44 121.48 4.08 1327013
2 0966 23.48 22.17 4.25 1378713
1 0967 66.41 121.48 3.74 1335113
2 0967 23.48 22.17 4.16 1379013
1 0968 66.45 121.48 3.82 1335613
1 0953 66.42 121.48 4.08 1328813
2 0969 23.48 22.14 4.34 1379613
1 0970 66.45 121.48 3.49 1336513
2 0968 23.48 22.17 4.76 1379313
2 0970 23.48 22.14 4.00 1379913
1 0971 66.42 121.48 3.82 1336913
2 0971 23.49 22.10 4.76 1380213
1 0972 66.46 121.48 4.00 1337413
2 0972 23.48 22.10 4.16 1380513
1 0973 66.43 121.48 3.82 1337813
1 0956 66.47 121.48 4.08 1330213
2 0973 23.47 22.10 3.82 1380813
1 0974 66.46 121.48 3.82 1338313
2 0974 23.48 22.10 4.76 1381413
1 0975 66.43 121.48 4.25 1338713
2 0975 23.46 22.10 4.08 1381913
1 0958 66.45 121.48 4.16 1331113
1 0977 66.43 121.48 4.08 1339613
2 0977 23.48 22.10 4.08 1382513
2 0978 23.48 22.07 4.68 1382813
1 0979 66.41 121.48 4.08 1340513
1 0962 66.45 121.48 4.00 1332913
2 0979 23.48 22.10 4.42 1383113
2 0976 23.47 22.10 4.25 1382213
1 0963 66.42 121.48 4.08 1333313
1 0981 66.43 121.48 4.25 1341413
2 0980 23.47 22.10 4.00 1383413
1 0982 66.45 121.48 3.91 1341913
2 0982 23.47 22.10 4.42 1384013
1 0983 66.41 121.48 4.34 1342313
2 0981 23.47 22.10 4.76 1383713
1 0984 66.45 121.48 4.34 1342813
2 0984 23.48 22.10 4.50 1384613
1 0985 66.41 121.48 4.25 1343213
2 0985 23.48 22.10 4.59 1385213
1 0986 66.44 121.48 4.08 1343713
2 0983 23.48 22.10 4.08 1384313
1 0969 66.43 121.48 3.74 1336013
1 0987 66.42 121.48 3.82 1344113
2 0987 23.47 22.07 4.00 1386013
1 0988 66.45 121.48 4.16 1344613
2 0988 23.47 22.10 4.68 1386313
1 0989 66.42 121.48 3.66 1345013
2 0989 23.48 22.07 4.42 1386613
2 0986 23.46 22.07 4.76 1385713
1 0990 66.44 121.48 3.74 1345513
2 0990 23.48 22.10 4.00 1386913
1 0976 66.45 121.48 3.91 1339213
1 0991 66.43 121.48 3.66 1345913
2 0991 23.48 22.07 4.76 1387213
2 0992 23.48 22.03 4.50 1387513
1 0993 66.41 121.48 3.82 1346813
2 0993 23.48 22.10 4.08 1387813
1 0994 66.44 121.48 3.74 1347313
2 0994 23.48 22.10 4.76 1388113
1 0995 66.42 121.48 4.16 1347713
2 0995 23.49 22.10 4.59 1388413
1 0996 66.44 121.48 3.82 1348213
2 0996 23.49 22.03 4.16 1389013
1 0997 66.42 121.48 3.74 1348613
1 0978 66.45 121.48 3.91 1340113
1 0998 66.45 121.48 3.74 1349113
2 0997 23.46 22.03 4.59 1389513
2 0998 23.48 22.03 4.93 1389813
1 0980 66.45 121.48 4.08 1341013
2 0999 23.48 22.10 4.50 1390113
1 1000 66.44 121.48 4.08 1350013
2 1000 23.49 22.10 4.00 1390413
1 0992 66.44 121.48 3.66 1346413
1 0999 66.42 121.48 4.08 1349513
